1000 9875
986 462
414 879
454 680
704 839
375 174
67 137
837 917
470 70
552 795
207 913
850 544
229 933
639 946
379 24
797 351
730 237
17 287
679 357
661 746
335 403
403 726
863 611
409 199
311 522
772 40
23 374
778 921
855 661
288 389
97 779
841 404
737 731
629 349
41 220
848 732
101 852
618 734
671 600
283 267
896 862
818 960
348 851
165 803
24 905
810 552
745 705
482 937
357 523
374 763
33 845
162 555
662 996
206 288
429 127
250 556
325 446
509 305
202 651
519 698
116 762
851 26
429 400
965 238
324 250
896 491
110 687
805 629
93 803
496 819
371 129
707 571
763 983
675 89
125 498
825 548
116 235
153 359
980 604
909 616
215 225
492 810
836 918
225 565
175 931
181 162
988 854
898 586
738 781
777 619
135 369
450 325
474 79
627 63
223 584
578 585
542 52
599 957
285 53
750 315
788 220
699 523
81 304
910 683
720 137
886 570
172 536
485 559
983 288
215 666
915 64
834 658
424 741
521 217
99 421
1000 312
364 839
942 222
493 869
133 276
155 484
229 699
503 268
86 284
415 958
52 868
53 461
576 534
361 451
647 815
317 72
156 970
711 120
87 674
199 932
455 318
57 635
791 800
848 922
27 95
818 309
32 823
325 862
143 621
883 924
778 780
292 504
149 593
38 517
123 980
688 966
940 595
581 335
587 317
384 509
202 348
165 680
906 606
727 746
84 856
400 887
462 213
120 44
256 645
504 459
182 212
96 21
6 902
47 224
944 451
932 359
620 536
125 406
190 229
423 363
867 945
617 806
677 377
510 451
96 371
578 907
779 96
627 106
720 440
438 287
423 710
524 436
826 188
43 58
885 863
158 281
952 266
303 28
207 984
958 800
392 193
467 775
512 242
234 818
702 293
220 784
27 364
620 655
962 65
29 310
460 406
282 594
817 979
74 401
661 802
994 449
98 138
136 435
982 358
2 488
883 971
773 841
248 594
508 924
911 735
201 892
888 546
540 251
752 113
550 260
917 527
403 861
266 691
999 135
571 388
734 176
992 959
684 925
352 478
118 693
783 823
797 843
136 862
528 448
659 918
396 272
733 25
612 862
645 835
996 765
851 210
587 798
304 191
747 357
548 146
508 439
510 285
862 566
817 119
176 121
525 978
267 146
31 437
733 564
974 63
632 82
478 974
564 831
11 137
200 222
94 970
331 438
591 306
828 960
427 985
432 817
722 334
779 986
541 535
223 384
498 129
372 666
485 389
379 142
397 995
734 788
730 810
20 382
648 575
717 69
557 561
210 662
310 707
228 328
144 669
15 170
825 250
373 710
209 310
981 903
378 172
17 306
489 781
570 558
735 168
829 307
482 94
230 800
47 234
657 866
674 576
895 982
778 994
446 588
490 580
108 27
643 288
434 875
535 758
739 395
339 793
218 870
2 347
649 992
390 978
317 850
637 861
504 839
931 884
473 588
311 372
278 103
417 705
254 358
678 452
964 468
443 21
33 222
275 98
69 51
658 528
241 918
279 504
743 55
603 992
224 201
666 166
239 500
77 505
442 86
963 488
429 316
15 903
551 721
515 327
495 207
611 750
760 52
230 410
983 874
76 518
850 989
764 635
410 650
730 519
585 280
567 408
897 180
937 999
354 787
398 412
802 11
786 644
459 500
190 356
871 663
712 228
24 679
791 334
318 392
998 542
363 737
90 43
129 637
5 194
997 350
730 123
802 348
623 244
281 934
899 746
424 522
976 471
208 865
956 301
778 725
277 947
557 823
468 834
195 522
715 195
454 885
695 937
543 822
166 185
886 872
248 684
299 600
175 69
808 462
875 838
148 328
321 849
87 782
862 144
424 70
514 531
71 282
849 896
534 54
142 47
308 879
738 228
171 813
44 565
466 483
678 941
675 749
879 917
53 989
352 390
758 786
952 977
766 313
912 88
381 810
737 21
594 886
135 172
984 634
932 506
59 126
810 986
23 539
428 73
414 396
822 281
660 492
201 543
580 347
949 906
841 817
551 586
720 590
718 201
920 128
974 119
742 243
85 724
665 364
495 449
858 327
397 841
987 105
682 553
497 805
828 895
8 568
405 538
65 569
227 463
364 81
80 90
150 966
124 115
327 302
717 226
955 725
998 214
268 984
184 55
275 224
705 875
647 520
482 292
926 400
859 494
787 125
912 248
578 10
62 139
544 390
818 541
412 462
911 804
860 972
809 870
994 314
152 819
834 211
781 504
731 601
26 453
148 971
221 747
39 574
62 485
874 663
654 233
584 869
402 470
900 361
926 577
425 783
14 763
236 319
553 11
516 153
735 791
97 135
141 204
434 854
533 698
607 361
387 340
226 468
874 472
512 843
812 4
254 973
839 906
993 62
116 443
175 514
624 382
680 160
153 32
923 580
267 24
489 152
876 540
144 365
509 69
756 250
277 79
79 343
944 452
980 514
193 976
880 694
449 939
633 769
418 102
631 794
43 287
559 959
674 407
622 449
110 277
613 130
775 247
424 194
698 392
693 333
924 578
137 432
292 166
531 736
894 516
494 150
255 860
298 901
449 667
835 182
432 707
587 521
971 438
19 37
882 71
185 269
878 751
869 347
912 792
235 627
604 789
534 823
829 701
665 900
995 141
887 107
815 510
839 260
470 361
866 418
313 546
722 830
190 888
619 678
194 359
269 375
786 35
473 804
915 317
459 841
170 268
793 786
560 667
105 977
469 272
607 30
22 896
807 175
944 838
762 981
486 765
142 281
951 541
19 590
277 574
648 446
174 93
212 101
587 179
36 907
922 948
463 84
230 321
601 371
602 988
987 838
880 790
900 611
995 551
407 685
283 611
801 994
549 324
879 973
770 147
590 528
865 23
906 627
465 737
413 577
73 484
348 58
629 167
832 887
54 680
291 166
822 342
344 657
328 54
6 867
158 506
361 50
513 349
941 461
798 366
125 42
530 390
742 187
924 888
107 880
881 613
440 285
741 497
356 81
85 637
236 637
704 893
320 674
941 512
674 157
753 444
916 322
630 858
134 259
356 183
838 887
858 81
967 913
735 501
52 947
557 577
445 871
804 818
259 767
208 789
874 954
485 759
568 85
812 928
952 867
181 639
866 313
711 67
179 82
473 945
316 73
459 693
317 224
100 752
841 510
999 640
45 662
88 850
362 298
399 931
625 480
205 976
886 457
212 232
213 529
221 102
519 963
226 412
407 689
49 445
413 692
60 104
770 119
954 392
249 726
214 832
34 442
96 111
315 463
879 751
505 557
822 306
770 409
441 277
314 13
922 332
656 272
289 857
515 471
2 702
167 856
8 831
426 466
711 927
547 966
340 840
91 450
347 124
590 40
42 514
258 967
873 20
871 513
821 284
54 357
293 915
299 14
212 805
194 235
391 583
548 730
131 185
789 720
121 804
336 152
523 396
670 697
499 787
947 584
674 784
858 53
22 830
237 88
597 392
621 213
247 3
523 618
265 334
947 870
623 635
839 460
518 675
208 640
433 557
806 110
347 887
351 775
969 732
201 682
18 784
2 397
256 933
634 160
575 564
15 652
454 423
278 145
796 854
780 371
781 357
678 210
568 685
932 182
365 649
115 586
740 939
942 491
49 328
32 634
182 428
240 765
757 40
323 518
647 443
988 236
348 718
81 584
797 818
248 71
324 228
126 40
788 555
738 438
991 792
44 235
375 731
380 691
860 69
552 302
940 156
738 553
363 922
562 276
162 493
607 857
955 296
479 574
872 666
963 229
42 742
189 885
45 497
30 95
172 787
751 243
458 886
590 183
459 403
33 90
381 426
234 793
977 227
7 970
692 370
837 887
640 477
716 328
864 571
61 669
99 342
502 817
74 536
415 811
622 977
143 352
401 201
661 667
118 368
315 131
929 723
89 110
52 870
274 488
134 644
411 1
360 695
930 767
631 931
155 4
429 925
711 11
35 634
805 66
147 616
540 145
818 975
800 334
966 223
397 208
19 674
224 400
408 727
176 531
529 17
13 384
876 232
145 264
421 683
743 152
525 37
766 715
670 302
845 712
662 902
232 877
296 795
710 735
728 830
720 894
674 242
153 39
486 237
900 518
913 557
609 126
42 809
922 277
45 162
984 966
859 754
716 857
392 984
267 249
56 628
203 711
419 386
771 697
349 605
998 646
690 571
582 629
567 451
147 268
497 887
688 216
394 351
512 470
750 362
863 969
129 922
459 447
295 13
685 645
454 928
854 260
34 793
623 73
916 431
725 537
449 278
782 464
413 371
677 646
772 686
26 776
670 261
412 13
285 825
458 479
80 357
65 215
782 242
820 33
900 231
108 275
604 648
626 464
42 161
117 459
411 124
673 257
855 633
507 983
53 559
674 955
647 781
84 331
565 388
911 680
630 170
10 969
725 206
321 792
585 635
549 912
808 278
516 239
620 43
743 144
581 23
988 66
434 891
435 834
715 726
512 546
295 830
387 691
462 68
743 188
437 618
732 947
419 98
183 965
794 26
524 903
706 830
874 332
488 543
92 385
581 67
948 918
760 26
79 298
318 598
751 484
456 219
366 834
537 86
723 383
29 690
702 651
479 630
685 967
683 298
755 998
225 748
815 857
173 746
695 387
661 287
185 78
704 894
544 515
191 96
133 620
211 798
806 391
43 937
850 571
797 533
843 654
648 944
137 141
678 860
982 422
622 905
162 44
331 208
441 624
249 447
85 33
639 590
821 925
625 52
273 95
471 788
536 611
277 895
935 683
65 477
981 231
325 899
145 37
844 353
479 639
814 296
984 467
303 813
679 187
236 256
41 886
867 446
50 252
964 137
293 143
455 951
166 686
81 722
107 222
338 496
325 455
497 881
918 36
262 440
814 117
901 929
573 466
371 166
333 865
249 582
780 867
223 691
336 349
814 710
138 431
266 120
358 706
440 331
277 627
190 411
998 306
896 78
971 642
113 670
592 642
965 733
780 720
360 113
442 479
759 720
320 655
191 132
579 231
872 138
895 662
387 281
938 29
575 448
377 669
434 364
622 933
435 61
133 334
635 42
636 833
361 881
843 493
91 732
354 38
209 873
502 150
505 178
657 221
951 983
827 749
492 677
97 776
957 98
649 302
435 517
189 637
861 966
539 158
862 33
3 12
188 16
212 158
213 579
462 947
842 53
880 192
455 522
61 399
340 314
197 95
255 169
607 388
887 596
495 926
559 353
249 768
325 443
845 692
684 645
433 36
854 829
651 706
733 240
182 126
225 473
462 414
779 488
690 645
267 220
824 751
718 207
854 543
31 284
20 99
721 295
45 496
323 210
15 296
39 150
902 16
835 79
798 65
787 304
683 181
756 715
753 885
670 159
865 897
612 394
632 584
206 607
797 8
411 885
345 249
285 127
913 671
282 714
195 603
345 106
459 990
186 890
338 891
798 541
89 109
28 627
181 517
165 128
701 334
4 2
5 343
333 842
51 41
895 1000
331 361
469 491
400 174
753 784
277 536
390 777
268 493
481 622
749 740
880 157
600 510
348 643
922 862
97 229
148 666
210 815
121 248
999 237
529 161
88 495
839 454
825 370
187 823
121 361
504 95
712 644
213 697
847 62
770 706
922 227
10 505
757 285
124 527
250 702
879 649
92 45
885 280
941 86
710 669
345 895
608 947
515 385
614 121
67 262
547 48
196 162
698 172
555 621
457 730
439 990
851 390
45 323
855 470
379 409
932 589
241 408
78 309
85 615
836 481
199 982
842 862
419 739
205 142
225 816
656 918
971 475
166 513
151 717
262 750
66 487
12 961
311 907
863 750
522 946
686 897
213 485
587 664
470 508
74 573
916 654
846 587
725 378
303 212
551 402
130 618
886 807
450 667
658 468
329 474
60 350
868 485
320 179
113 460
156 856
801 533
435 275
683 585
628 247
822 275
144 143
951 652
75 921
451 336
856 178
585 852
790 229
407 687
28 672
529 141
897 737
550 741
737 994
274 800
819 708
144 316
453 334
721 566
137 901
361 423
417 501
714 357
736 149
704 435
688 212
542 951
853 798
324 76
381 45
375 838
625 290
301 940
394 30
802 883
589 345
384 24
778 248
720 352
531 544
825 835
842 739
573 881
557 268
506 544
983 22
723 941
931 427
93 167
993 742
78 384
134 452
216 629
697 141
868 69
502 719
855 841
837 846
507 39
94 517
171 127
238 111
708 573
468 698
859 443
660 824
535 956
937 469
22 721
4 932
960 530
599 87
959 844
531 77
326 315
94 295
238 16
209 755
874 971
530 239
795 241
887 367
47 100
568 437
658 986
442 686
922 756
654 167
258 204
946 161
801 674
625 486
255 39
93 136
847 291
438 886
207 128
669 133
601 333
503 821
16 53
219 734
1 391
2 120
560 690
832 951
406 158
819 691
987 725
624 297
736 339
274 772
940 677
278 836
482 739
720 638
230 77
547 285
287 30
839 733
715 979
791 414
867 748
392 866
998 70
233 200
694 335
141 581
881 852
703 95
861 470
755 847
21 31
370 467
279 731
10 610
908 297
508 325
860 18
929 431
893 86
395 343
750 705
579 315
390 206
581 745
358 594
416 437
695 369
807 283
243 302
411 586
466 755
26 889
930 162
811 237
63 72
899 340
739 927
96 775
241 19
905 66
941 772
35 917
347 683
242 447
117 561
958 473
579 772
85 133
144 523
985 399
448 433
891 903
620 319
820 393
52 819
145 119
933 150
236 71
130 372
279 85
501 37
841 408
739 313
706 722
157 990
593 692
508 822
736 529
942 489
658 992
715 657
681 257
130 9
984 718
325 442
935 817
735 611
757 423
405 498
633 233
961 674
348 133
323 665
913 583
769 532
332 729
615 158
836 857
175 841
197 769
715 844
384 162
370 503
996 519
561 38
176 4
592 636
884 252
81 249
396 904
464 158
561 768
416 465
626 998
938 442
96 585
371 705
711 675
547 706
87 133
693 626
336 247
190 150
616 321
858 100
859 197
754 21
592 952
555 204
650 168
337 723
838 957
530 386
603 216
87 491
271 224
310 654
298 206
668 460
345 105
175 13
332 289
224 815
703 306
156 87
657 926
711 231
171 360
256 80
757 549
118 280
260 149
122 236
909 256
123 285
584 793
930 765
606 346
455 314
807 673
818 890
601 122
415 728
142 256
550 397
364 240
365 585
979 437
725 153
987 974
161 794
588 679
93 351
149 605
294 606
260 602
192 176
265 804
801 874
842 731
364 406
225 56
26 59
11 677
652 473
517 347
676 209
14 536
275 792
59 177
810 667
150 232
870 795
838 197
14 907
71 686
419 217
537 350
148 867
884 899
353 845
27 524
728 687
132 917
793 117
353 702
637 326
751 450
920 368
903 25
530 915
488 850
305 396
439 283
72 401
831 459
928 698
334 631
327 600
275 325
869 21
651 942
10 58
980 850
343 146
719 567
158 285
342 494
513 818
928 503
158 428
164 809
388 145
782 321
632 415
532 360
881 442
919 568
835 473
854 87
964 755
130 619
650 789
781 392
360 518
130 538
900 42
233 692
743 762
545 973
415 559
770 554
386 17
577 92
50 500
490 767
640 918
18 854
274 748
830 716
487 828
688 930
567 558
633 982
871 372
657 732
681 456
831 986
58 748
802 716
510 39
847 108
318 890
352 48
174 361
934 670
309 654
310 121
257 99
223 968
188 541
304 356
361 55
162 416
788 348
440 706
216 937
340 823
694 130
94 974
438 332
579 350
699 873
828 947
578 538
264 718
894 146
780 558
450 137
323 173
826 348
703 950
25 571
389 58
492 419
240 273
350 513
483 160
126 951
397 624
787 472
319 671
490 799
569 144
56 61
339 590
786 243
143 274
906 432
928 96
583 992
605 680
142 222
602 483
536 613
134 834
675 774
753 846
973 429
740 604
490 723
313 910
813 637
540 219
239 296
14 694
732 165
383 509
973 931
387 256
83 401
746 691
230 352
47 298
571 420
725 389
370 671
866 888
996 959
858 952
509 296
954 407
457 853
679 998
172 312
31 119
738 401
900 864
558 124
432 100
868 599
443 356
542 912
444 667
703 515
401 73
303 92
828 625
755 774
393 744
376 944
471 35
755 108
385 348
655 625
33 450
694 25
868 497
258 885
542 221
247 329
105 304
517 786
366 408
117 798
856 610
363 626
535 850
321 154
765 607
293 468
97 691
367 679
464 654
374 129
85 82
87 548
291 719
146 182
38 104
776 65
977 576
579 916
910 12
237 264
791 795
869 131
460 553
259 730
951 977
606 243
925 962
468 147
343 769
71 278
681 102
40 122
131 69
593 786
174 997
925 883
801 845
586 429
469 507
580 23
473 684
586 615
847 262
408 621
482 930
11 696
340 324
35 270
753 549
32 748
328 147
275 876
115 877
576 489
371 279
593 991
282 364
889 967
249 608
779 490
578 928
978 134
181 173
367 150
198 90
940 356
33 95
696 649
803 687
733 690
863 615
518 70
280 432
63 111
692 381
507 113
769 764
630 641
521 371
668 486
772 324
441 716
974 581
668 277
924 143
601 814
673 393
394 762
252 666
164 532
166 78
216 251
826 840
47 174
583 936
711 119
771 290
705 58
74 524
37 213
57 751
118 896
782 849
343 805
959 256
595 749
908 143
710 215
931 894
362 353
291 807
718 706
754 779
277 504
207 123
128 600
805 818
990 502
83 54
944 734
305 80
750 834
732 857
54 885
477 370
813 504
762 480
157 628
568 793
163 223
440 952
771 924
846 320
120 160
157 485
598 949
733 210
440 551
142 879
546 503
675 201
276 4
959 257
450 898
417 186
114 498
884 320
8 585
780 523
506 522
626 35
716 649
76 296
852 708
371 732
636 336
271 33
788 253
609 936
574 650
333 296
665 933
468 561
360 218
270 235
471 702
316 637
433 831
246 475
179 303
142 929
630 676
425 147
562 980
869 680
255 519
605 978
930 572
750 165
290 991
844 32
999 766
601 187
635 246
621 72
895 569
535 632
937 153
403 533
385 955
467 326
341 353
269 196
731 953
127 272
365 411
477 865
776 232
783 88
126 600
221 380
614 765
224 447
294 635
231 20
108 363
623 962
791 150
888 261
6 885
842 218
954 496
58 685
828 409
421 989
905 896
837 69
215 465
760 174
334 449
617 747
802 943
969 166
382 461
348 165
404 247
421 831
25 254
483 662
802 798
50 539
455 143
812 171
119 667
486 494
735 192
29 800
525 923
806 728
682 602
928 566
157 156
107 773
312 219
902 222
225 850
924 930
427 250
102 568
531 768
916 334
372 790
156 331
285 873
267 674
473 505
695 674
147 120
856 566
928 131
748 636
285 794
969 520
640 311
604 760
455 78
41 302
449 924
960 532
446 279
393 361
378 169
195 533
179 440
967 179
316 132
612 162
540 903
959 991
530 237
549 863
36 614
386 661
354 1
925 588
388 569
583 112
52 712
18 808
19 513
32 819
207 364
118 89
537 985
810 431
580 793
322 709
788 384
805 232
442 398
852 85
913 831
787 738
499 320
233 428
213 654
399 845
814 86
258 415
847 67
65 647
598 787
840 275
659 953
93 985
847 240
446 914
72 204
951 86
208 508
393 670
968 6
366 861
131 83
204 651
18 653
628 231
37 191
545 175
746 278
52 475
224 410
172 780
157 96
565 867
78 339
418 396
422 332
47 593
584 291
603 65
884 595
842 999
223 409
540 598
329 805
934 378
937 422
935 151
848 7
373 564
544 256
981 821
104 279
472 795
900 205
521 48
338 828
191 500
967 151
843 507
256 667
80 447
762 823
445 105
943 478
880 406
570 702
920 982
26 400
375 169
943 79
285 689
365 611
22 844
84 253
786 474
490 308
861 963
218 839
34 835
719 421
813 608
814 331
671 582
715 750
643 33
775 548
631 622
693 939
566 194
830 672
121 338
904 421
491 960
700 148
642 29
239 279
116 66
443 274
357 888
234 245
239 132
793 8
719 973
93 68
158 480
72 119
551 577
113 605
590 921
917 119
314 156
777 540
872 670
693 400
819 845
146 565
94 903
581 715
51 848
454 121
987 517
589 240
660 45
111 269
792 157
591 535
939 30
794 823
858 98
52 221
697 32
668 487
541 111
104 228
820 218
934 358
830 87
468 764
948 6
878 323
887 816
203 121
575 481
501 372
804 965
787 241
146 155
611 469
204 869
478 92
540 975
299 955
15 835
250 39
450 549
783 357
363 268
210 633
360 714
622 678
40 200
763 476
72 761
2 284
758 81
763 589
965 793
971 134
145 268
734 222
205 916
666 422
227 920
345 787
870 77
236 730
408 505
465 760
157 706
728 770
732 858
842 310
420 352
672 985
603 559
324 196
698 841
993 787
975 359
729 777
435 914
78 30
336 649
105 92
658 452
791 709
220 315
48 78
59 895
264 581
658 786
937 802
522 204
225 708
870 308
531 630
627 481
100 423
671 434
711 641
342 492
91 812
55 905
367 907
543 628
986 51
756 601
373 635
561 669
125 566
551 62
332 496
596 677
868 130
743 790
392 37
263 866
412 440
611 38
454 92
332 327
59 869
522 659
104 510
485 120
753 983
347 770
97 619
313 662
577 161
445 401
175 120
779 17
491 447
936 320
865 622
494 838
577 82
335 326
65 358
958 532
14 297
201 870
878 552
558 938
759 986
84 53
213 919
487 24
554 949
573 119
135 956
192 158
218 942
404 547
187 405
815 912
444 316
505 314
586 117
948 444
131 698
961 767
949 698
487 335
179 678
326 971
868 943
785 570
110 617
456 112
551 696
173 781
976 534
833 947
195 186
585 358
611 225
261 459
526 401
142 105
206 685
741 508
946 980
470 194
642 521
898 703
784 570
145 330
30 298
33 6
34 825
255 51
551 252
402 805
650 159
765 712
629 482
481 965
975 166
463 733
514 965
911 69
972 117
151 944
28 61
360 981
790 745
792 610
702 37
338 744
394 770
161 629
623 557
610 860
929 520
970 372
57 693
575 543
799 423
800 283
141 45
236 493
330 102
728 260
316 53
120 686
265 785
658 872
642 357
753 686
240 839
23 190
871 410
346 931
982 977
128 658
398 664
311 227
334 256
799 350
582 90
642 391
326 932
185 720
679 992
132 314
228 658
175 705
23 525
63 544
892 951
301 235
659 809
680 268
578 811
98 929
697 89
138 472
386 552
381 206
208 396
903 99
707 866
689 467
846 91
189 876
176 377
704 229
234 451
809 602
385 451
831 146
815 889
195 436
547 811
310 903
80 116
333 286
299 402
696 862
327 320
110 48
312 103
935 1
886 721
668 412
545 79
389 806
30 657
214 82
130 783
310 673
367 560
886 576
562 778
415 818
17 647
94 375
184 243
77 635
49 822
330 809
222 475
350 172
334 817
688 703
252 598
221 641
203 442
518 567
585 108
795 222
473 912
45 612
174 888
361 919
822 804
911 541
2 313
495 708
631 760
300 566
106 997
801 835
325 133
677 409
934 993
439 413
357 564
340 326
990 280
408 414
743 192
875 968
452 943
879 512
291 107
956 271
461 679
667 964
18 99
306 596
615 341
93 828
667 629
375 726
766 29
785 514
471 227
951 181
7 250
998 240
637 272
140 674
15 534
825 436
185 831
737 378
977 427
794 739
907 384
565 676
969 603
343 26
56 972
246 918
936 656
977 452
546 179
520 955
203 572
651 788
48 303
836 280
808 965
806 624
533 280
987 331
954 719
151 677
812 289
680 743
617 143
31 710
280 58
950 691
458 597
96 682
349 253
887 236
691 513
484 769
802 378
677 638
993 990
43 770
403 650
367 709
528 881
876 784
316 808
881 954
528 896
363 271
458 233
726 854
982 716
991 479
627 783
973 775
297 318
761 257
724 371
106 950
434 961
786 362
896 835
80 753
576 186
773 624
481 58
173 292
283 748
796 223
784 855
144 54
897 616
400 64
702 605
59 325
867 506
600 223
654 444
676 220
469 698
254 416
865 13
594 965
335 161
304 315
505 654
414 304
16 143
514 130
55 38
225 287
463 269
781 168
949 726
287 979
132 912
519 292
923 715
393 580
21 350
822 170
43 388
564 579
51 913
487 921
422 600
632 172
595 800
155 964
747 557
21 377
573 873
722 357
171 489
217 603
309 107
423 215
725 917
427 144
251 820
52 259
90 122
423 164
190 177
29 237
130 836
717 128
20 464
61 700
136 205
420 525
347 615
518 322
920 717
481 553
834 111
137 229
781 564
748 937
803 824
329 589
900 134
516 314
133 369
62 169
692 224
434 304
881 153
978 821
988 440
981 206
910 202
274 344
699 545
303 935
586 257
317 252
183 653
719 495
903 660
960 502
247 522
165 787
829 236
244 828
173 264
430 137
676 160
808 57
476 223
636 476
889 50
942 36
563 817
884 883
701 643
689 891
266 924
837 67
196 349
255 918
586 852
524 226
48 171
989 426
149 163
866 54
576 198
694 129
278 929
96 278
168 867
11 906
48 371
882 304
67 590
522 225
752 780
378 303
898 700
556 960
833 589
81 480
876 500
436 70
475 744
226 558
647 680
919 744
354 330
655 210
363 536
77 598
688 517
763 91
1000 375
21 895
830 255
192 679
905 260
284 199
814 966
70 816
622 893
539 521
548 979
338 632
981 226
70 835
677 249
982 402
420 150
520 60
351 958
248 629
239 286
504 991
768 746
819 104
734 117
992 628
334 615
338 410
493 302
808 134
774 879
222 824
391 309
325 49
586 842
308 769
628 702
344 597
992 193
899 271
908 455
33 923
324 142
896 519
755 674
116 104
957 910
727 464
353 399
582 261
287 939
78 844
430 609
197 954
932 675
58 16
996 510
210 311
51 969
654 509
536 379
613 371
983 65
110 215
312 266
630 926
973 710
542 192
44 946
195 439
267 994
855 337
753 449
238 123
989 705
811 225
354 524
712 378
713 647
626 160
696 176
77 792
445 788
321 238
855 873
728 154
825 174
75 315
699 709
811 399
388 84
597 402
264 90
781 747
123 23
658 374
159 967
61 853
523 608
912 757
416 996
184 425
796 31
744 856
228 867
486 605
434 248
593 629
776 211
762 932
190 645
581 801
140 426
895 832
650 292
865 405
45 611
155 175
505 38
919 33
11 556
395 973
88 361
171 802
577 315
740 849
634 444
182 723
362 42
741 378
957 545
63 758
938 657
690 348
840 305
969 147
422 851
906 644
444 715
232 577
603 626
694 303
202 917
817 176
141 758
219 250
813 196
745 150
543 495
820 608
603 272
306 774
655 954
755 77
930 83
513 953
181 219
131 957
370 36
498 113
501 830
981 516
618 334
87 129
787 311
340 448
167 41
526 592
362 280
51 624
369 117
864 968
833 422
828 810
530 510
968 591
92 2
393 342
876 239
485 696
816 414
131 486
254 303
703 318
344 435
770 723
297 3
784 539
123 273
255 308
347 937
706 272
999 949
377 414
883 868
166 446
350 427
837 927
66 610
732 647
588 675
184 745
791 30
813 578
463 121
780 269
608 441
974 623
280 535
649 690
430 221
286 726
574 834
475 436
948 659
144 867
279 456
102 245
425 457
196 378
474 580
754 1000
560 973
746 936
188 629
814 801
854 850
840 188
215 300
16 942
438 501
349 550
426 517
387 793
924 786
929 506
358 316
393 801
823 962
628 170
279 908
896 156
146 535
110 284
258 905
133 811
371 816
266 396
609 833
290 278
261 247
751 898
826 311
989 777
540 617
371 590
320 716
275 148
415 254
61 699
172 756
549 582
825 230
632 728
119 26
753 68
810 5
222 524
155 472
530 132
213 70
511 813
445 431
503 409
514 688
313 773
242 445
778 857
50 496
657 152
206 250
145 460
40 166
645 503
957 421
689 527
249 112
144 132
364 359
311 360
168 10
539 13
44 613
835 400
465 568
757 303
589 959
3 216
531 74
806 501
80 965
233 437
155 501
991 54
914 698
181 814
504 315
234 41
841 7
1 344
336 585
188 938
101 455
600 474
267 61
416 775
93 867
543 129
512 763
175 781
103 392
729 873
887 476
31 322
270 654
538 690
570 303
689 262
599 799
121 836
177 746
57 428
590 70
96 390
205 220
243 345
176 302
967 616
834 293
551 873
988 645
384 827
295 47
856 795
327 350
110 26
408 102
25 680
318 553
696 819
441 148
129 666
495 73
833 366
446 395
85 201
89 112
694 637
473 111
757 711
958 38
317 422
174 529
502 994
484 681
13 941
910 389
89 63
934 63
186 831
1000 647
428 912
568 459
677 279
553 281
593 520
278 418
929 526
255 460
476 495
493 583
593 921
577 60
979 384
523 946
451 827
251 720
236 495
519 794
919 28
353 205
338 411
930 33
601 295
861 877
936 92
634 409
317 987
452 806
199 899
984 94
793 870
351 748
84 254
140 971
892 960
418 741
466 25
763 853
43 172
332 690
704 655
393 562
637 665
486 175
200 4
789 180
438 2
591 248
652 555
560 868
779 450
907 9
102 927
214 549
876 754
346 357
936 551
992 542
244 324
926 390
162 51
627 189
440 337
183 491
738 894
694 29
474 112
55 557
332 886
744 270
686 625
237 815
593 31
557 508
975 925
618 762
801 74
214 225
489 550
695 530
964 358
615 402
265 405
602 150
259 691
242 297
161 3
913 434
397 737
734 226
956 624
212 736
798 555
821 454
714 605
933 768
659 279
423 546
339 735
360 578
415 594
307 125
454 252
381 948
256 781
204 979
193 358
726 840
631 910
553 390
330 9
807 521
45 610
198 991
909 505
383 12
956 948
939 814
248 257
746 512
390 577
756 773
275 866
197 89
418 662
55 175
936 199
453 368
861 19
629 247
758 901
889 858
250 676
552 390
444 708
599 624
174 421
124 592
262 678
54 911
129 100
522 501
245 528
598 716
346 377
165 414
516 775
186 494
704 623
813 195
694 78
811 814
974 494
613 150
355 634
341 563
362 638
146 579
94 302
722 270
14 761
546 32
237 787
717 9
664 427
276 817
126 411
543 669
419 811
669 87
235 598
267 751
677 636
459 107
995 529
463 663
209 540
808 23
415 784
772 471
386 566
976 314
365 290
113 329
350 142
958 329
338 686
602 319
692 177
866 248
887 338
835 687
213 783
531 358
18 879
537 997
455 710
95 367
558 909
87 923
142 601
459 528
387 463
724 492
157 957
187 869
169 146
845 705
921 273
116 387
466 78
815 291
15 801
876 389
97 490
124 517
894 225
35 12
382 469
699 501
556 410
404 223
171 747
430 559
71 971
798 310
901 994
164 403
641 45
747 559
911 430
814 886
823 882
93 593
742 870
431 597
512 429
180 331
825 922
254 604
774 45
725 945
66 334
394 297
125 977
492 436
826 308
904 406
208 3
337 673
613 509
233 592
623 199
257 685
94 531
645 223
649 422
464 300
7 180
895 711
298 175
519 89
742 674
263 863
490 951
414 729
143 261
352 828
665 829
874 977
78 129
363 348
571 979
78 917
248 748
100 629
891 834
710 506
216 74
542 528
454 196
862 193
421 389
735 944
156 854
434 16
805 111
112 186
317 837
246 213
653 939
417 835
148 725
83 504
525 241
306 169
110 931
81 751
169 506
46 95
433 42
149 862
241 882
612 839
559 660
803 94
453 473
127 694
383 536
690 756
908 259
656 300
803 705
555 574
902 289
224 603
154 521
746 175
565 617
788 107
200 199
20 946
684 105
423 407
102 722
216 861
267 875
60 982
372 636
53 39
717 64
812 340
48 745
877 890
952 303
254 715
756 652
333 712
182 558
195 275
592 901
811 421
392 117
624 103
276 719
195 537
181 726
316 867
942 539
355 223
178 892
52 805
532 623
330 899
479 358
65 470
761 996
505 159
192 991
72 677
161 852
400 236
520 141
706 712
418 512
476 270
974 565
331 533
975 228
961 958
780 470
657 421
415 445
532 931
516 488
974 932
737 625
128 587
979 78
535 205
629 18
900 990
443 157
639 124
984 615
128 947
297 816
128 544
49 151
309 749
475 157
681 602
175 604
616 48
293 688
262 221
580 360
599 732
50 571
197 244
168 690
632 119
188 685
263 317
176 237
929 417
124 901
637 107
345 603
676 569
726 761
441 104
546 29
433 821
533 257
972 807
220 144
1000 134
29 34
268 862
293 765
894 983
809 599
631 256
137 210
543 990
303 293
584 517
288 66
574 928
199 161
670 471
692 43
207 719
821 841
346 619
278 789
43 569
726 990
880 394
772 18
479 346
236 445
113 251
191 807
340 99
991 332
403 815
745 830
642 200
726 555
268 87
33 521
93 230
961 922
231 88
523 650
785 340
415 401
917 703
222 933
261 827
154 141
965 67
892 997
960 168
400 773
750 979
322 421
563 664
453 256
975 399
376 243
563 521
806 63
805 716
756 30
741 718
188 706
337 248
444 692
326 374
496 92
954 121
186 495
974 124
885 559
335 514
301 618
809 246
418 202
81 12
725 811
121 771
676 605
471 435
384 885
313 81
976 255
812 397
760 678
707 97
873 137
110 96
20 328
955 639
761 1000
274 175
198 335
521 374
481 913
915 555
815 636
1000 403
768 265
164 642
346 813
898 423
527 327
561 710
324 868
881 97
437 515
186 773
8 125
670 563
817 941
568 21
71 66
74 738
130 560
331 145
288 332
456 958
934 215
166 301
213 782
92 625
481 380
438 692
978 622
743 434
468 188
678 347
130 453
793 515
424 186
615 756
338 352
410 806
871 423
144 41
92 663
831 940
724 92
118 679
581 309
304 431
413 707
361 658
359 139
348 952
991 491
228 710
374 588
469 808
754 998
849 534
652 55
250 697
2 860
704 430
68 205
86 569
276 1
632 175
319 47
290 421
823 845
772 993
977 37
264 728
229 176
983 11
453 824
411 579
636 365
930 228
364 616
57 112
864 608
833 535
946 782
342 83
53 228
346 926
699 670
296 966
960 926
890 595
854 510
412 5
108 756
260 81
597 328
241 298
507 401
166 111
591 954
70 715
631 663
994 471
499 815
687 808
377 463
412 346
463 1
574 665
329 428
865 610
422 410
23 432
328 503
802 653
235 950
92 597
455 677
994 57
406 427
359 457
288 566
662 856
644 819
331 616
723 858
636 725
503 814
107 1
288 677
988 398
718 547
844 938
3 218
79 111
33 771
897 762
404 977
202 358
98 695
804 159
992 151
131 719
651 260
873 372
67 717
785 279
384 241
399 883
375 667
33 734
430 584
381 38
664 808
404 99
498 322
867 983
82 389
807 415
390 229
988 784
76 506
618 373
877 744
604 800
773 51
392 280
428 590
696 838
270 345
647 542
426 59
798 787
322 120
311 996
369 51
962 8
895 762
661 618
847 839
424 679
431 467
905 184
29 272
782 214
293 395
351 133
557 858
942 536
869 600
998 948
982 297
674 598
288 261
758 320
333 779
604 284
985 228
422 804
986 599
787 922
365 634
916 894
956 803
289 401
338 518
986 710
951 632
662 757
679 553
5 586
528 745
377 197
766 553
149 517
914 506
595 323
304 408
163 303
719 226
836 590
654 635
32 710
841 80
20 531
538 208
600 265
876 462
628 351
828 297
922 290
177 473
694 326
716 778
550 794
8 857
940 962
135 96
382 381
408 66
427 942
599 844
102 876
603 265
766 199
237 523
537 171
591 280
426 362
889 760
424 839
636 294
105 314
588 385
898 671
204 442
740 196
833 558
30 157
114 395
460 99
775 468
744 46
981 847
178 684
859 367
475 614
459 93
77 742
977 920
91 401
281 929
543 985
322 207
952 813
611 303
251 332
10 140
807 805
403 739
957 152
853 103
218 756
972 379
9 390
549 975
507 516
625 345
680 882
508 990
196 280
456 609
202 77
900 270
723 933
407 782
213 587
14 660
932 191
754 737
996 970
944 613
136 546
37 494
790 164
667 811
913 687
535 208
253 344
244 21
926 695
230 96
870 80
528 145
548 220
291 333
37 849
397 163
230 761
390 387
85 873
309 369
756 398
918 917
280 105
979 360
119 606
615 373
231 620
415 345
972 614
55 642
21 381
655 595
882 375
760 679
30 471
233 745
821 488
18 391
916 412
609 902
21 752
575 185
445 964
48 690
129 599
669 85
512 144
553 548
915 77
902 322
482 314
601 816
247 682
659 80
843 991
518 757
207 668
557 785
142 644
714 13
882 650
367 314
69 556
87 695
182 837
701 183
944 852
361 998
583 55
86 501
540 234
338 462
818 964
247 546
583 620
18 764
772 736
64 66
374 675
608 527
520 981
387 350
762 264
505 289
571 482
292 193
573 304
351 743
837 107
72 811
205 753
46 291
805 542
408 156
247 977
181 489
400 512
936 594
333 158
651 249
853 254
203 218
779 157
730 709
146 530
788 421
313 3
702 615
778 95
466 547
837 560
396 826
937 694
683 342
501 799
696 683
734 807
471 711
901 420
705 547
152 349
303 510
985 723
103 952
398 422
28 636
347 458
792 365
468 686
506 345
507 128
623 310
184 221
866 457
683 133
134 575
873 535
123 464
967 197
91 638
734 355
769 877
535 630
353 452
740 720
840 978
530 18
252 922
680 699
131 229
683 560
724 300
193 300
191 745
340 53
72 651
490 742
240 961
666 741
79 840
671 628
925 900
838 495
425 216
308 954
37 324
511 157
419 342
672 685
50 209
165 736
477 142
850 424
387 698
77 516
201 292
791 285
478 520
83 216
141 456
749 883
805 929
186 211
871 772
386 40
488 919
305 199
604 509
680 492
664 954
296 542
361 75
63 336
979 771
945 951
529 560
362 771
450 796
780 967
964 100
694 133
362 658
76 612
651 114
689 98
953 382
313 31
938 867
134 223
928 588
405 600
431 728
751 931
475 748
940 434
959 150
104 146
286 911
569 40
200 645
497 453
995 322
544 762
835 301
351 31
469 283
682 152
22 745
743 817
636 199
48 856
892 313
969 972
52 944
326 307
181 724
844 436
57 990
633 445
833 141
139 796
247 855
239 31
948 362
217 224
515 585
697 686
369 607
999 617
236 91
952 988
882 549
705 228
291 903
917 967
114 778
339 915
678 223
535 489
408 536
724 38
248 343
240 810
36 32
917 665
426 900
373 289
176 675
656 221
620 806
303 522
14 987
399 843
55 245
682 617
136 869
622 505
430 907
681 719
336 552
813 58
615 114
770 948
157 566
874 56
867 869
543 102
11 81
769 45
845 890
996 506
686 410
488 145
782 756
917 206
437 78
150 727
134 40
172 891
979 637
963 128
417 846
910 953
237 923
113 661
496 656
760 652
272 944
88 646
384 794
242 66
725 631
930 301
825 65
267 708
824 135
147 922
912 162
337 632
601 839
749 179
142 99
14 614
697 186
121 464
339 627
726 109
70 641
182 975
832 432
435 181
221 668
667 494
616 406
32 807
565 451
514 631
127 214
164 300
511 119
424 49
892 872
822 825
382 992
624 214
770 969
245 40
70 77
254 318
37 284
130 110
443 989
16 9
131 872
830 682
463 391
221 241
997 624
466 248
140 889
624 476
698 959
805 633
547 142
470 579
846 414
483 916
79 501
12 911
858 552
470 946
862 900
296 763
724 621
430 752
56 977
717 292
183 456
96 466
490 476
703 785
393 926
157 173
929 316
933 960
722 412
834 866
341 786
677 744
876 494
91 887
129 598
489 884
636 98
632 593
527 426
329 715
825 206
868 148
743 1000
311 55
597 537
899 576
147 807
21 834
939 323
174 588
460 307
130 526
33 619
111 718
558 694
597 148
709 970
803 182
863 177
576 913
408 771
942 704
411 136
505 85
678 206
580 968
374 305
355 98
895 241
849 985
995 679
136 624
451 645
589 919
771 86
274 930
115 560
160 116
103 51
641 614
897 668
245 302
624 361
331 829
462 33
563 758
968 454
90 656
288 1000
309 690
723 508
968 501
328 916
242 710
524 330
772 96
584 165
180 560
181 281
328 995
208 329
834 565
945 983
928 690
391 850
197 527
219 75
639 611
169 690
96 510
561 73
661 830
103 725
786 707
324 714
367 491
642 575
129 912
495 351
157 34
359 710
95 746
795 672
831 38
892 48
584 353
193 138
242 285
271 487
726 203
748 535
759 807
80 586
401 274
222 378
665 913
720 566
909 148
599 296
786 135
536 994
32 989
83 577
610 946
956 682
923 101
460 537
283 48
536 648
251 484
40 795
409 458
118 116
966 166
217 421
808 256
761 288
27 932
999 810
800 356
549 23
734 45
790 259
666 277
526 313
782 679
399 961
257 808
656 301
923 287
943 976
287 156
35 207
404 920
387 714
119 989
67 91
638 299
894 177
953 705
571 382
222 754
978 404
889 791
673 706
546 560
747 337
197 816
129 48
521 790
866 545
996 624
923 682
448 714
267 142
196 120
236 873
206 841
704 571
279 831
518 198
971 771
295 197
833 806
524 509
609 739
494 95
289 3
997 221
232 89
553 833
823 625
238 211
337 642
356 186
48 635
898 987
83 895
635 826
542 282
781 706
105 527
878 402
580 683
942 943
574 26
932 211
799 475
484 548
877 187
715 160
437 449
544 72
728 277
710 485
917 853
365 632
496 489
556 889
61 159
961 145
818 826
79 815
540 211
374 377
861 873
112 296
700 425
631 643
928 496
266 603
141 265
309 935
809 359
206 619
500 54
231 902
987 556
309 968
555 992
202 664
165 532
149 895
996 822
392 924
689 154
874 150
395 19
607 245
3 470
617 712
345 781
396 703
884 795
896 314
474 346
534 364
332 908
255 710
227 83
137 650
727 373
655 712
937 979
737 449
377 625
988 801
727 234
108 890
214 790
589 197
99 585
9 337
345 457
720 267
426 138
4 867
575 20
595 682
688 504
658 277
878 63
186 933
464 759
906 402
981 830
583 670
251 209
427 660
843 821
204 233
659 977
70 646
535 584
187 934
938 914
408 953
260 186
835 550
904 237
531 225
606 359
956 850
616 407
212 450
549 973
58 808
739 873
978 905
761 367
120 609
523 978
49 667
514 487
273 339
810 394
711 280
118 815
286 747
514 406
315 169
577 318
619 167
303 696
589 835
22 16
5 846
184 337
90 601
875 974
733 36
999 710
60 398
612 163
144 381
272 322
736 231
607 684
441 461
847 221
444 704
396 675
789 212
903 44
448 706
961 390
570 485
92 212
310 168
332 944
104 815
266 2
603 279
293 811
720 457
58 160
298 883
225 689
228 240
105 139
833 671
1000 248
638 654
734 841
972 838
555 182
446 101
862 240
167 181
578 380
483 224
401 309
989 962
167 266
251 253
622 988
38 61
88 704
920 614
939 322
317 490
990 787
903 904
333 832
356 669
502 89
957 63
904 949
681 168
238 711
114 625
978 986
852 839
682 320
641 810
108 87
771 443
754 545
863 193
296 89
653 806
865 751
92 619
868 454
255 17
610 96
149 612
455 731
687 228
710 207
783 689
953 970
186 342
884 758
386 233
336 836
316 362
945 350
139 483
158 541
231 121
219 529
992 799
684 573
560 627
957 751
157 731
999 116
732 849
163 118
805 907
607 627
224 120
903 370
228 592
870 227
728 696
15 850
514 15
654 143
244 410
85 922
248 446
819 912
291 363
539 102
836 53
953 503
177 604
392 513
301 975
911 426
973 93
24 76
25 949
8 704
800 620
56 204
254 723
976 109
209 338
29 231
892 49
394 420
694 763
740 919
612 80
647 723
764 123
86 107
986 173
424 996
734 583
22 707
416 176
579 822
169 158
332 382
265 691
104 485
640 889
456 846
581 368
331 567
649 789
429 613
909 347
970 347
383 226
39 982
761 438
672 449
247 915
677 80
350 392
614 757
117 387
580 813
925 898
892 731
841 351
490 375
182 577
916 349
770 244
718 550
75 608
612 492
649 382
387 659
849 742
577 663
373 508
600 304
610 445
325 377
153 8
634 723
28 647
705 761
289 728
124 876
132 882
153 441
410 520
374 841
103 389
140 657
161 436
21 114
191 270
150 606
746 171
417 237
493 442
220 278
154 644
554 715
142 585
713 435
309 472
720 401
668 657
669 328
63 201
449 685
266 429
398 358
272 854
772 599
152 268
119 294
693 243
968 942
868 79
991 841
341 201
845 361
114 501
833 353
51 476
859 437
420 559
332 142
960 620
812 517
852 554
946 531
89 2
330 828
38 69
97 543
958 442
859 631
769 847
350 74
425 913
868 387
96 990
891 866
963 661
394 924
342 574
53 697
776 140
606 170
936 434
44 695
10 867
589 973
623 889
202 423
723 891
120 804
856 152
468 358
141 264
783 745
398 649
245 372
239 663
755 571
58 329
473 775
318 799
279 527
249 738
897 884
736 220
681 717
702 993
439 197
637 660
999 269
323 820
769 178
1 40
811 539
43 437
206 99
723 439
746 124
283 790
219 148
862 942
594 56
996 484
82 356
524 275
647 87
299 237
357 447
752 991
270 542
346 128
474 125
937 867
20 193
497 820
831 155
711 689
241 303
377 432
6 391
88 614
712 352
72 364
308 107
57 173
475 714
5 53
833 476
100 245
228 386
781 660
243 21
199 259
809 603
458 395
789 597
60 587
79 443
722 728
373 572
427 508
545 49
194 385
948 42
397 284
949 287
643 732
646 465
450 678
622 944
809 885
924 66
636 852
729 46
862 242
635 404
249 209
173 625
182 751
643 267
807 516
166 404
875 274
13 63
201 807
793 555
611 236
169 257
689 586
909 69
141 219
442 426
282 83
567 694
943 794
766 731
913 787
607 393
274 975
519 539
960 210
868 860
141 445
784 750
951 492
669 413
318 827
49 662
49 38
21 324
521 988
519 313
304 585
998 24
51 858
491 742
149 116
150 407
372 355
727 427
489 745
85 743
840 100
324 285
833 749
501 859
979 539
673 836
640 139
270 506
826 170
739 711
26 905
13 701
360 231
327 285
449 439
786 782
143 447
20 169
530 267
64 452
899 578
321 411
222 303
207 665
304 509
446 727
594 29
182 937
511 823
536 125
192 893
890 140
528 903
88 958
473 836
886 240
190 683
430 410
329 261
882 619
921 585
246 194
87 339
933 402
581 333
97 146
615 752
620 74
957 644
734 198
592 991
481 172
374 721
35 213
511 472
349 493
634 333
597 583
376 53
760 507
196 352
842 318
11 957
429 486
24 256
277 364
44 195
266 197
270 773
578 874
57 242
119 654
465 35
301 957
675 240
414 100
915 577
402 532
132 701
133 644
10 81
339 159
569 710
287 655
544 732
735 468
901 655
264 732
618 285
323 187
219 506
59 597
496 941
85 477
894 561
91 804
717 40
445 997
907 528
416 213
275 154
77 730
26 796
816 598
191 342
194 86
711 415
164 674
184 224
421 221
565 246
588 57
554 121
901 212
460 388
543 803
13 788
187 993
687 820
875 444
32 242
945 609
895 259
758 491
852 868
800 247
602 655
749 300
623 759
239 802
3 32
789 370
630 209
524 710
548 133
702 909
311 358
814 139
83 511
50 204
953 997
184 890
404 555
940 549
546 876
395 152
745 366
348 920
794 110
620 844
110 646
970 879
241 885
336 591
408 332
543 254
215 345
417 386
310 119
858 639
864 196
774 337
298 534
492 864
536 358
771 641
524 511
333 231
301 562
270 515
54 362
647 387
711 716
648 606
744 167
392 284
798 900
608 406
590 362
591 727
425 468
227 493
907 572
536 579
588 383
593 471
425 357
199 234
562 798
119 71
316 251
200 791
402 544
353 615
537 235
161 668
109 190
330 829
94 274
65 56
691 284
506 883
79 523
647 869
389 629
446 638
819 192
692 882
160 323
332 766
217 278
182 768
934 787
449 603
652 544
853 417
66 565
822 848
24 781
991 343
369 716
387 509
192 67
853 274
838 462
400 112
364 321
709 251
391 306
788 966
970 929
588 624
315 252
378 596
768 950
988 285
275 858
297 176
336 924
44 357
305 151
126 391
654 134
220 38
370 631
576 310
3 45
918 786
764 538
111 941
717 392
479 713
870 394
391 775
51 974
15 683
362 757
292 728
902 401
924 761
711 803
472 680
272 804
682 551
848 323
722 292
116 555
475 792
86 839
704 712
199 585
683 403
213 320
161 493
109 495
56 133
313 282
665 557
26 805
378 654
45 720
1000 444
640 381
420 765
916 730
699 730
320 441
412 73
986 866
109 17
458 283
96 996
632 790
709 834
321 1
435 9
143 376
296 321
776 75
960 760
152 805
463 991
691 376
711 133
108 478
550 13
348 621
19 439
407 36
355 335
563 178
394 945
325 875
92 618
517 365
156 667
231 369
13 62
821 743
201 806
511 193
900 266
540 305
446 884
58 520
576 197
226 450
634 455
484 937
232 795
346 941
213 568
931 869
679 956
228 702
335 890
737 144
97 305
253 78
475 252
112 786
686 330
211 678
960 902
110 408
436 930
183 340
314 165
522 334
617 964
279 865
428 349
157 313
450 293
977 60
442 216
561 829
399 157
863 984
315 930
926 134
185 286
419 832
919 843
521 488
977 222
866 653
981 766
267 660
569 500
860 525
275 129
669 81
318 33
359 911
414 596
18 165
76 115
575 411
852 764
651 635
468 773
402 151
117 538
652 827
209 679
246 278
344 442
967 114
776 103
725 76
212 369
913 178
382 545
2 499
645 267
946 314
991 253
640 711
493 521
44 745
596 334
249 93
896 922
515 928
164 210
239 894
922 930
269 256
909 104
319 905
141 587
59 939
650 872
80 976
135 992
22 285
527 702
474 988
318 837
693 775
513 417
107 326
624 364
456 462
520 567
741 523
334 499
462 36
373 407
376 165
174 344
729 743
694 403
326 674
298 272
576 382
772 118
181 501
736 116
223 878
739 253
483 757
655 669
693 586
237 574
214 558
81 210
340 989
137 704
930 31
574 598
167 996
793 242
741 463
137 337
565 817
94 196
732 262
254 582
976 208
793 446
618 685
769 677
833 490
119 205
152 203
947 542
270 241
237 130
661 480
574 771
186 960
707 382
148 181
406 917
222 377
540 774
812 547
281 925
856 723
32 21
730 180
659 112
808 598
276 672
208 694
743 670
174 623
18 939
888 851
688 895
302 275
982 369
329 335
126 759
995 998
874 765
434 10
452 355
114 994
558 947
45 676
799 591
268 389
107 119
970 59
255 55
352 382
448 769
468 332
309 832
629 407
831 975
410 197
230 450
396 432
733 505
58 691
922 88
440 272
15 713
533 962
550 608
224 6
742 504
135 234
750 720
671 328
895 298
186 78
962 703
615 219
907 226
457 529
940 106
499 170
965 457
767 637
437 224
831 272
732 379
367 208
975 529
547 822
967 609
863 528
578 640
704 843
355 777
798 901
410 970
855 236
313 119
293 707
95 715
215 738
184 14
826 581
664 280
422 56
777 31
392 123
990 150
378 332
14 214
273 808
313 479
762 694
331 207
197 472
649 166
703 383
946 480
640 559
71 1
643 384
536 624
264 275
940 596
56 207
985 239
717 544
416 702
992 669
575 518
24 963
294 514
922 875
45 648
525 190
606 59
273 261
862 449
757 181
637 991
583 281
762 295
183 911
940 522
162 646
318 797
908 511
31 120
749 851
699 450
595 21
358 413
505 575
628 459
115 184
336 699
922 350
941 402
468 459
980 584
432 238
326 718
120 337
393 198
251 569
305 449
755 121
134 44
615 477
579 170
309 58
792 28
702 547
884 386
616 123
195 332
18 303
555 220
21 584
618 628
394 634
547 560
382 127
933 983
881 494
937 428
372 531
207 790
744 930
748 602
144 744
414 648
203 87
204 228
31 871
778 599
471 862
554 62
592 133
961 80
348 16
265 713
490 536
255 280
112 26
122 79
692 855
394 958
490 683
571 654
420 178
683 636
814 486
247 597
340 105
514 482
217 482
847 666
481 21
546 947
411 462
359 12
586 464
269 996
644 229
6 729
49 378
767 96
783 719
951 377
84 461
899 450
810 683
957 712
961 525
447 526
654 600
556 102
589 721
230 101
548 74
128 917
366 549
918 844
318 904
300 115
564 928
177 504
896 362
258 667
775 994
138 485
656 362
363 341
534 271
556 211
613 270
262 66
135 464
909 858
875 527
234 413
346 557
367 155
498 22
6 71
134 8
105 136
307 708
90 252
498 105
81 407
392 326
691 874
285 5
38 967
169 628
957 817
812 282
502 656
160 849
142 801
695 591
184 87
61 687
192 546
9 44
337 719
319 843
51 489
705 868
333 539
513 870
545 211
468 774
344 268
215 539
703 294
482 422
247 874
319 553
565 257
35 778
554 18
313 640
758 274
406 679
266 300
397 480
293 223
155 18
377 415
970 181
737 646
700 270
164 211
149 609
386 117
188 201
95 262
154 457
913 876
879 841
914 575
747 75
675 694
275 346
291 161
428 269
279 448
687 455
214 811
904 786
349 284
131 729
650 587
262 381
16 791
993 809
166 973
831 537
651 367
449 779
102 657
253 81
200 67
150 685
367 473
884 181
243 39
211 581
123 978
223 766
390 243
907 423
836 71
722 810
570 119
163 951
555 489
149 360
9 285
369 303
722 493
263 545
565 929
695 546
437 478
167 197
142 829
436 26
865 952
925 191
220 881
186 249
669 52
891 140
143 413
679 255
333 575
636 184
364 923
165 198
848 840
702 55
249 429
47 230
749 8
342 934
329 453
91 738
511 981
207 492
958 364
248 755
212 406
876 194
623 640
887 271
778 833
625 356
992 609
114 964
335 505
687 20
672 307
140 72
213 526
822 916
879 877
349 94
638 476
834 728
884 836
491 814
758 853
228 736
409 10
90 705
432 278
145 512
899 685
520 724
375 736
961 544
806 922
663 438
276 461
614 135
392 706
12 455
305 331
290 225
515 488
811 577
595 854
392 593
889 629
141 822
384 21
917 181
976 927
206 804
392 544
745 86
817 321
582 579
768 907
699 869
204 317
777 979
978 790
494 210
688 321
265 16
380 205
164 994
310 544
369 420
388 234
834 934
955 810
243 748
543 995
503 166
548 907
915 392
350 815
134 585
655 74
307 248
914 48
753 24
401 131
331 206
9 838
28 166
313 696
195 828
42 841
734 467
936 294
790 449
204 566
269 891
923 32
182 689
917 962
349 128
900 272
494 987
524 740
641 896
986 813
84 438
922 923
245 448
637 990
84 962
230 198
838 95
610 406
280 599
888 300
389 494
724 146
652 151
429 10
859 658
37 581
793 799
716 825
580 433
126 63
384 292
278 663
205 692
741 578
119 850
376 222
158 890
243 110
280 996
922 351
360 306
692 255
112 839
867 915
849 370
79 397
985 850
802 168
548 388
881 929
731 531
903 848
974 410
651 917
251 681
177 526
949 856
425 900
436 781
358 282
849 28
388 936
962 469
798 87
211 859
223 845
220 539
595 705
392 314
33 56
877 855
289 150
109 493
146 377
463 92
332 76
207 864
632 570
209 415
618 629
660 882
541 49
299 682
203 86
425 208
385 844
429 648
928 41
322 376
154 637
641 2
299 584
766 770
472 4
753 917
590 930
630 381
79 745
133 449
248 555
730 386
700 510
387 681
88 84
913 98
507 538
147 605
210 539
269 914
970 225
300 552
836 650
140 129
18 549
918 496
391 272
59 160
23 837
575 872
196 271
767 240
554 661
486 286
392 956
884 35
390 490
926 712
949 617
508 271
91 273
291 371
611 467
7 119
545 530
8 528
54 333
572 272
149 226
777 521
693 485
361 132
437 39
742 882
85 597
309 29
699 941
782 778
48 729
485 380
256 310
494 138
319 123
966 600
372 802
285 181
803 552
276 936
740 117
578 376
942 777
264 912
378 274
952 93
40 631
834 1
1000 297
948 9
289 412
716 93
132 62
229 682
682 492
41 508
740 314
905 331
924 417
799 823
456 933
888 936
302 356
253 714
623 732
489 562
645 410
28 396
265 966
473 619
535 447
746 620
720 178
714 490
541 891
225 98
680 1
845 761
884 865
666 476
872 809
527 644
743 30
357 943
771 891
296 809
478 673
542 570
852 374
301 152
163 203
36 347
755 869
883 344
972 126
453 63
769 255
201 493
348 324
439 959
868 531
866 816
499 208
357 18
100 518
875 605
862 869
349 942
668 794
104 783
927 811
822 23
327 591
493 355
817 437
507 459
219 511
773 450
483 290
210 905
330 456
932 849
313 400
310 581
591 764
830 284
119 697
778 443
526 565
821 71
588 342
437 334
699 663
42 126
248 935
85 316
982 58
94 426
683 251
562 968
540 782
677 489
772 435
95 4
48 769
178 848
256 862
304 774
800 155
361 827
25 36
658 89
844 534
74 400
437 770
847 575
630 165
425 970
304 661
446 976
785 90
477 610
16 780
329 294
67 886
981 310
250 288
939 341
632 801
112 677
212 228
433 209
255 134
288 106
481 205
227 929
231 921
524 950
373 504
611 390
275 944
148 418
332 647
22 335
741 557
194 672
819 579
716 797
20 868
594 193
331 941
906 837
548 250
50 527
289 845
586 941
385 210
21 395
206 954
319 377
30 228
12 599
125 58
362 668
932 512
77 183
538 699
30 119
342 293
417 82
950 420
829 813
243 288
462 706
526 759
873 185
546 241
214 355
553 827
309 85
76 320
706 954
629 668
557 399
959 15
526 614
85 510
531 780
608 425
720 179
521 294
575 255
81 367
195 739
324 901
647 563
678 847
556 623
459 825
762 692
416 978
919 448
423 561
248 673
691 353
48 813
804 417
863 103
866 201
575 691
557 996
311 417
442 688
614 826
415 722
455 646
178 41
434 959
370 769
244 794
452 547
247 657
361 706
948 692
128 621
883 581
314 840
624 36
27 677
983 678
647 507
213 658
608 700
55 243
429 410
512 946
586 239
145 995
572 846
3 477
230 727
271 894
727 530
751 408
805 720
992 57
385 141
205 260
794 355
724 992
466 816
486 31
89 894
832 554
918 896
281 509
855 319
215 92
846 166
573 822
65 691
300 318
29 792
945 695
360 465
436 782
54 373
772 928
475 800
739 687
190 277
153 912
750 301
401 546
817 590
362 285
217 778
717 237
574 846
646 171
915 493
794 854
190 119
974 321
781 656
377 562
964 538
821 191
454 952
668 262
483 88
530 291
967 250
604 720
102 839
517 39
848 130
642 502
622 948
606 473
485 412
95 92
79 635
575 326
333 855
734 317
917 771
554 207
614 855
231 285
70 933
17 47
18 631
476 452
5 518
737 745
666 295
481 43
979 276
796 934
230 686
526 331
340 474
823 415
628 629
371 373
780 65
729 543
306 504
435 740
297 651
279 559
944 718
837 1
549 413
918 120
340 926
383 984
722 229
264 597
784 448
434 240
533 75
720 462
242 958
779 199
944 696
439 81
648 650
907 667
983 492
268 1000
733 645
372 803
411 725
542 264
755 482
907 633
160 194
878 476
512 431
517 138
708 635
364 945
194 272
761 556
669 928
288 324
457 371
973 436
453 496
106 554
704 381
70 897
421 377
577 499
94 340
804 318
92 760
79 994
581 428
122 323
710 192
549 206
740 895
304 423
50 183
32 662
698 635
708 378
683 780
326 294
499 260
337 417
254 718
287 55
720 878
348 39
385 43
371 254
567 156
549 433
864 77
276 299
376 791
675 103
570 275
111 881
295 334
685 66
673 538
451 84
732 483
751 321
589 422
223 65
538 676
189 824
745 120
160 546
507 349
509 807
609 729
441 63
258 927
834 702
482 29
547 799
101 159
346 531
539 780
824 646
825 131
1000 503
731 377
522 820
249 450
566 597
345 87
222 75
42 145
619 649
800 45
333 124
108 402
218 638
743 579
442 810
95 148
888 854
298 438
856 500
985 144
604 252
532 707
37 107
312 614
46 920
745 988
290 116
583 16
644 916
773 712
776 356
727 965
670 832
89 741
663 9
978 733
174 46
723 556
839 968
862 379
611 953
339 218
974 960
97 412
249 181
44 381
262 460
780 9
234 31
628 882
344 755
730 646
978 398
154 892
391 121
383 515
206 8
776 783
634 591
671 70
283 769
548 275
141 675
550 833
686 385
46 544
820 691
824 694
920 201
115 511
940 244
724 675
592 705
20 42
320 772
176 241
797 276
843 592
545 462
342 4
878 186
973 350
479 149
384 826
747 945
181 900
734 917
626 2
754 79
366 377
441 678
309 772
389 206
392 126
34 349
146 53
22 736
494 413
596 717
68 669
299 721
283 244
566 561
715 201
697 326
642 294
83 611
501 304
304 852
393 485
51 193
866 198
313 702
94 661
333 771
875 412
172 918
677 238
404 533
273 216
743 413
415 646
614 554
50 224
369 704
596 129
836 656
255 212
19 746
849 795
760 394
170 898
634 431
106 772
433 252
895 4
668 441
770 213
330 332
991 625
107 370
804 84
932 97
572 984
548 81
185 729
288 935
203 812
202 533
261 736
98 962
67 657
837 445
474 292
715 814
665 501
907 400
559 268
274 782
50 643
215 95
721 958
498 497
991 943
928 623
740 204
479 888
280 418
100 99
1000 17
142 840
380 211
427 354
959 774
566 395
20 403
739 797
242 378
781 736
263 777
825 292
826 727
847 803
394 477
460 377
743 850
501 355
690 630
326 278
532 421
887 467
304 880
50 332
105 783
397 505
511 71
700 758
791 809
294 835
985 200
731 642
883 917
884 989
913 539
383 316
597 987
639 368
201 810
309 455
899 41
683 654
79 777
540 269
136 603
671 565
999 872
505 412
611 864
525 48
124 789
585 797
527 678
145 684
5 206
84 855
178 300
788 597
19 996
884 958
371 229
214 893
71 840
439 804
707 556
118 189
563 528
858 640
823 66
435 110
329 471
177 334
965 509
336 682
128 182
457 558
663 618
975 692
320 942
617 847
659 559
509 770
422 699
899 776
542 152
154 761
604 881
203 552
374 832
416 351
401 525
882 254
518 48
811 198
831 11
119 229
178 761
863 762
60 757
464 314
762 896
381 667
455 116
521 206
1000 533
467 602
213 66
277 997
248 875
159 631
618 777
964 797
716 174
792 678
334 793
958 375
616 362
356 557
473 847
455 299
695 187
117 312
934 792
959 329
913 71
491 95
610 139
576 775
204 632
961 851
601 500
196 568
433 346
641 861
821 711
41 813
813 695
727 913
619 232
925 809
700 111
196 734
965 702
184 978
965 46
948 796
309 522
276 325
576 451
637 742
489 142
272 420
831 538
429 799
654 853
895 216
36 468
992 482
538 566
547 32
819 775
236 827
116 841
101 27
228 146
424 775
521 447
884 453
138 841
587 938
699 568
901 428
87 303
588 336
554 320
816 587
566 443
576 679
593 383
78 705
601 788
801 362
498 170
436 315
921 925
4 71
913 257
321 355
991 88
674 698
291 514
368 191
97 983
44 826
580 900
784 641
490 750
827 549
690 115
927 541
706 762
49 677
356 807
970 934
52 536
182 603
678 380
205 986
405 692
919 98
106 801
58 716
809 268
940 546
580 713
301 472
50 856
213 764
328 330
383 300
81 630
282 263
548 62
287 42
387 226
443 248
268 829
794 269
159 381
145 807
510 387
629 983
150 592
843 569
870 483
484 314
711 933
732 448
950 11
128 126
209 5
422 707
781 734
78 353
9 318
843 854
926 179
603 450
128 412
494 209
688 324
824 260
207 905
526 535
448 563
986 24
894 929
346 891
916 707
172 723
947 751
643 742
860 864
165 278
421 252
403 353
375 357
776 84
761 634
208 662
834 246
670 624
855 556
967 54
627 949
800 185
618 979
865 389
38 345
558 608
61 152
762 7
728 139
359 407
397 182
678 265
637 874
675 533
896 838
89 704
608 592
760 506
266 981
448 912
31 215
412 891
918 53
666 18
524 84
549 665
698 931
370 624
381 119
325 812
918 198
467 152
604 473
168 557
958 704
758 598
372 277
118 143
375 630
105 118
289 879
767 908
828 936
71 901
609 294
367 18
828 512
444 793
428 374
88 3
359 691
314 381
809 847
488 40
161 134
824 450
272 793
864 963
648 656
336 108
941 705
867 65
674 92
565 569
556 920
668 610
261 52
786 917
234 726
643 804
200 602
147 53
635 878
392 140
66 63
577 158
123 178
30 642
656 861
860 725
203 250
189 291
118 459
360 943
677 478
952 51
705 781
744 821
429 645
274 743
682 503
221 708
195 908
326 422
37 81
635 426
812 67
736 707
683 624
559 173
407 912
796 242
13 57
550 480
663 195
442 453
245 48
213 594
767 415
325 136
753 581
420 412
352 314
248 379
747 99
197 78
89 589
788 999
145 675
954 459
131 46
371 375
376 31
488 569
732 836
510 110
737 58
303 603
962 961
305 182
310 385
738 580
188 613
390 489
963 441
345 882
291 372
944 90
194 537
46 750
216 961
487 616
825 681
419 408
42 581
100 339
104 790
530 814
949 776
806 643
243 365
483 442
416 481
271 941
845 120
938 426
65 526
816 834
307 633
329 140
919 838
721 187
233 776
850 609
320 764
7 564
511 156
484 935
700 855
310 751
396 994
568 193
911 19
454 922
327 424
223 235
354 262
134 584
686 997
788 411
104 353
640 717
949 381
364 811
528 878
195 987
507 989
213 163
424 952
843 52
239 935
888 939
464 903
382 949
919 232
260 955
763 490
344 844
824 276
117 89
377 132
605 308
491 892
348 771
365 859
480 139
779 635
616 807
598 651
693 913
859 237
372 783
348 570
358 127
913 642
235 702
650 631
23 987
465 379
340 589
732 223
577 656
935 602
490 40
925 490
637 342
250 830
258 635
613 477
745 237
506 827
987 184
552 651
992 338
573 779
544 811
690 553
931 465
509 805
293 968
431 606
656 616
533 478
845 28
955 548
133 928
704 868
856 779
448 556
638 685
955 661
445 133
752 763
596 836
467 648
947 658
344 381
548 915
947 767
610 616
648 789
96 818
960 519
812 536
815 395
394 641
442 976
678 945
900 139
380 446
613 708
886 298
624 739
437 926
763 168
835 743
910 215
658 84
164 285
202 168
238 746
577 408
451 843
1 234
12 372
300 604
556 169
364 293
640 789
914 396
753 700
662 854
3 183
919 125
283 711
589 947
456 305
710 957
752 500
457 169
258 394
707 713
193 871
214 843
817 934
270 969
272 370
794 411
903 335
335 825
543 228
272 385
606 668
832 713
219 850
914 910
805 650
414 74
263 355
533 385
627 90
755 17
738 961
293 819
39 73
8 739
318 384
12 775
874 655
807 68
379 552
955 689
705 518
885 944
30 679
821 88
925 394
229 525
416 102
657 253
132 98
26 749
673 322
307 252
326 296
716 96
888 773
886 784
959 972
153 587
734 324
316 229
467 371
821 540
809 60
640 392
766 964
587 243
201 780
553 39
790 436
361 566
602 540
306 241
188 141
596 242
601 348
395 813
678 488
754 834
3 288
6 641
890 986
173 240
376 4
899 378
659 222
22 511
46 497
361 481
803 150
311 453
727 559
73 262
2 794
702 891
884 122
426 574
985 805
632 130
957 867
483 560
465 109
341 690
12 630
569 663
695 211
314 181
332 795
739 317
711 793
489 752
38 589
66 282
820 951
52 345
753 508
658 880
792 144
43 118
906 184
146 373
403 414
405 756
263 762
86 59
587 706
324 996
952 69
498 947
482 300
9 900
891 72
178 565
179 372
296 440
117 512
647 929
359 583
967 132
934 87
717 605
645 128
829 355
298 509
541 303
446 653
984 244
945 626
472 8
75 229
705 494
667 505
649 854
62 509
724 62
934 571
550 406
917 881
933 677
597 985
193 483
981 378
784 714
88 199
417 919
18 654
41 823
683 640
886 393
27 868
303 723
913 891
537 567
426 990
469 189
606 939
402 904
248 235
124 902
140 995
748 328
749 929
330 497
439 177
941 207
727 578
837 14
132 930
508 267
762 344
419 266
149 125
67 284
827 502
722 224
104 791
210 944
876 857
988 803
94 886
258 950
298 891
45 478
410 877
468 678
695 420
842 808
976 234
337 800
601 755
9 96
589 114
755 374
525 450
218 333
321 340
894 623
436 3
365 99
403 442
208 930
119 148
122 936
967 842
495 384
699 764
464 715
982 397
334 497
863 410
614 823
361 466
317 482
48 793
412 474
680 570
916 986
513 619
388 339
669 766
454 212
352 522
403 630
153 591
390 876
635 329
526 8
780 144
373 93
321 690
196 570
363 27
460 803
729 350
472 227
787 698
349 117
757 104
44 517
583 476
417 669
20 622
239 602
130 250
277 377
672 633
72 853
637 740
528 243
885 469
914 877
93 786
646 520
998 63
14 8
90 520
162 429
201 555
145 825
55 474
902 305
615 258
104 740
945 786
761 532
2 629
849 190
281 442
239 173
394 251
169 697
96 503
780 571
732 284
684 159
958 842
817 570
30 313
158 370
821 466
626 858
403 105
262 168
961 320
972 366
579 561
74 555
757 758
518 316
464 695
122 831
692 71
215 570
240 142
574 103
591 911
498 586
17 458
878 729
648 116
558 731
585 671
341 369
808 378
93 400
277 729
792 819
649 878
373 896
875 322
931 642
793 325
945 400
801 660
454 120
839 820
240 842
41 783
889 83
448 775
446 822
69 185
880 826
628 680
130 47
284 584
792 875
504 30
435 688
94 878
611 523
617 586
979 47
84 649
29 175
140 939
864 509
641 379
996 633
465 503
653 500
927 213
732 83
58 14
135 390
430 710
664 162
573 814
902 428
355 593
997 994
696 706
927 779
608 335
937 783
349 831
760 890
884 414
375 803
488 93
967 607
94 729
369 462
152 276
300 549
337 872
446 90
470 76
25 699
835 134
951 747
88 513
467 108
214 65
312 969
887 170
7 652
749 197
553 618
327 115
525 247
424 658
869 764
722 455
520 460
133 327
597 226
528 951
782 76
621 28
182 872
381 931
536 630
520 91
334 855
865 411
683 669
351 940
245 169
76 179
344 150
670 128
166 499
188 31
524 737
466 345
183 788
315 132
814 174
315 245
79 84
580 559
487 275
812 724
400 789
274 882
757 465
559 719
121 311
363 665
629 151
280 890
471 236
951 166
884 123
558 508
767 910
76 563
245 944
428 368
175 933
750 727
864 842
471 50
718 113
51 481
918 631
461 248
669 435
7 812
785 962
716 626
110 225
848 314
354 687
742 562
985 631
87 243
303 373
755 157
137 508
122 730
471 641
165 470
94 580
6 270
501 590
372 890
818 382
218 352
200 683
94 471
389 815
342 769
489 819
973 413
994 688
260 28
685 834
433 704
985 51
714 595
592 379
151 858
891 937
231 392
934 167
94 128
558 531
388 271
653 773
948 455
626 422
970 155
164 342
183 602
919 198
729 759
50 429
982 546
179 819
696 126
629 311
631 713
944 897
670 927
529 25
651 377
469 695
202 338
318 848
616 860
177 16
527 720
162 676
224 172
990 410
483 992
409 965
90 565
965 216
962 846
263 119
569 976
555 741
58 87
886 896
462 493
608 41
955 316
354 849
25 823
9 410
564 716
909 739
393 900
102 662
158 132
203 557
223 422
868 809
299 94
363 803
289 196
608 486
433 579
132 374
579 39
547 581
255 998
186 567
170 80
925 636
393 247
307 793
844 16
789 625
982 386
380 464
293 487
97 750
282 584
746 142
730 523
437 952
986 877
98 240
722 982
799 818
66 850
322 456
900 430
476 565
818 886
459 726
373 939
672 446
911 721
844 724
369 572
389 281
49 702
212 94
767 300
770 886
645 534
249 142
31 907
453 37
36 19
307 640
802 694
335 182
569 786
440 986
441 391
301 147
732 217
842 393
326 622
370 438
872 972
104 598
345 844
456 211
121 713
654 971
498 421
501 962
559 842
837 660
107 891
534 668
242 990
580 74
764 831
785 906
772 612
366 7
385 516
959 22
673 233
30 318
894 569
109 287
985 829
259 984
748 762
820 799
96 837
795 555
797 249
657 590
964 606
640 316
277 917
292 42
924 252
304 989
356 494
123 493
839 499
930 589
643 540
234 697
938 960
740 372
299 518
908 680
839 384
130 744
921 787
829 426
978 804
193 136
664 440
857 929
730 465
407 875
205 914
53 684
202 214
421 392
598 602
692 789
126 585
199 558
168 105
652 395
598 459
880 172
933 446
240 843
562 408
66 715
748 499
399 971
900 600
996 949
429 32
864 251
235 337
755 550
906 620
10 569
672 902
896 522
839 746
219 997
441 419
540 455
854 793
65 843
622 172
767 772
695 43
438 48
721 692
974 230
922 325
533 173
45 259
157 329
238 268
391 146
744 497
245 844
374 590
358 506
358 677
73 987
920 124
573 926
578 616
246 922
670 40
682 986
630 828
522 99
81 465
561 975
564 474
371 273
256 499
535 897
95 816
460 115
544 646
303 423
108 701
568 850
726 237
873 623
237 496
664 529
564 111
303 133
382 646
199 52
90 337
978 889
980 410
557 846
616 278
763 217
740 494
472 46
834 356
49 996
268 322
919 632
513 631
616 564
523 928
728 142
505 27
109 617
334 54
993 318
442 556
630 53
153 951
483 856
616 579
925 893
947 221
767 484
309 828
273 510
336 886
813 764
654 468
69 156
239 556
886 333
70 382
528 664
571 295
789 484
336 916
562 158
896 534
221 618
45 69
231 670
876 593
10 319
176 11
201 424
366 882
793 172
882 641
858 458
713 453
987 274
845 192
721 946
684 66
245 800
564 664
621 921
893 212
159 624
472 310
825 876
474 66
242 998
295 112
243 259
885 880
212 818
392 288
393 73
602 233
711 569
582 835
655 660
750 417
753 323
590 334
388 180
831 96
326 983
413 263
986 251
129 752
630 570
88 653
492 151
938 9
713 294
1 923
960 752
818 754
749 458
329 391
97 931
481 332
463 852
959 627
714 818
398 929
226 248
482 878
502 277
912 273
913 1000
681 221
357 723
383 781
701 167
608 639
205 927
831 959
297 492
603 820
491 802
20 596
594 977
617 624
279 437
198 917
323 765
701 732
617 513
541 947
672 974
965 199
326 515
438 73
496 858
851 160
712 890
327 835
509 60
914 918
940 922
667 754
279 776
267 192
668 749
966 578
298 726
319 188
837 703
437 33
609 396
780 529
467 190
488 7
142 526
369 260
702 454
258 807
246 962
227 532
569 403
843 540
346 28
424 958
209 364
85 433
447 177
214 31
397 597
768 151
699 981
29 138
947 699
548 620
477 105
441 738
89 208
152 272
80 797
238 14
498 548
299 541
194 365
51 140
397 392
625 23
53 550
402 286
905 333
946 419
381 584
748 859
711 97
749 430
3 70
627 878
761 416
62 415
664 390
947 119
199 802
826 952
938 670
588 421
61 586
213 898
879 228
847 327
170 951
412 977
581 407
700 107
131 800
157 800
322 909
823 367
770 153
419 125
10 514
796 677
102 228
512 960
895 425
864 467
183 125
167 600
847 10
372 170
923 554
743 101
49 121
693 688
286 382
749 788
989 293
370 439
830 683
85 928
121 607
675 106
931 244
310 19
948 853
591 134
149 159
722 51
682 709
860 340
220 699
332 861
668 647
975 517
669 378
608 835
780 565
650 911
767 679
384 814
169 712
439 712
803 637
56 214
533 332
807 93
727 687
869 484
285 147
747 968
346 771
379 773
32 446
918 359
894 792
97 664
555 580
138 618
51 379
14 109
34 631
147 844
497 311
557 873
565 366
962 89
682 458
614 897
460 524
579 606
763 173
106 760
680 679
841 913
737 586
330 992
437 780
757 903
706 28
924 306
253 744
507 728
679 568
444 239
175 361
359 508
841 325
880 173
573 134
44 596
779 523
946 56
744 828
970 946
918 434
22 103
280 578
465 698
503 978
770 407
746 876
619 502
167 709
988 161
975 421
764 664
435 848
697 543
25 204
674 564
83 608
528 213
724 978
331 228
128 195
606 530
275 660
426 488
998 168
180 543
462 341
120 428
825 637
393 963
787 271
608 304
312 237
575 148
152 278
29 80
713 667
403 391
759 328
436 711
264 991
997 339
393 189
735 483
38 145
111 453
575 74
753 128
806 138
365 186
238 824
866 481
104 444
303 132
352 982
189 253
982 314
646 141
861 555
790 617
331 340
227 263
869 988
766 888
89 298
155 294
443 751
580 996
248 389
880 122
553 36
535 396
416 725
957 474
944 999
463 145
486 786
487 47
549 48
291 768
158 81
652 319
671 749
379 971
13 499
917 685
166 723
66 409
571 702
46 389
339 253
802 767
893 199
614 376
686 85
335 873
70 398
63 595
653 389
486 350
509 23
439 844
43 431
899 202
854 917
909 620
824 744
979 575
384 89
132 751
941 283
396 912
327 636
937 984
876 616
348 441
246 884
928 757
641 144
825 883
219 396
238 408
931 416
225 787
67 208
734 856
976 144
479 871
775 442
856 966
584 341
510 895
630 648
811 110
134 465
284 486
268 803
621 331
180 55
401 326
899 707
419 909
497 413
712 268
869 404
882 776
574 82
218 93
65 98
947 892
969 916
745 858
353 431
669 791
910 227
34 805
331 368
204 962
334 945
207 429
722 899
268 359
30 834
17 33
420 186
331 449
47 389
787 562
348 644
115 691
117 65
687 213
980 65
140 184
641 997
54 594
18 540
37 256
370 863
466 458
709 286
802 656
71 545
900 529
867 606
992 462
874 366
840 466
732 832
344 513
241 859
594 865
421 899
687 408
689 780
513 461
970 684
325 493
975 311
496 624
888 45
409 884
873 319
219 861
475 247
941 494
245 993
120 956
251 620
785 642
203 705
974 78
477 405
102 773
323 56
875 519
713 480
395 220
941 656
944 188
930 99
489 721
592 654
259 849
171 13
389 478
561 901
623 67
170 207
302 832
555 84
290 740
555 48
282 692
959 210
318 46
1000 385
393 245
507 243
221 929
20 444
78 750
854 95
986 847
180 186
933 836
61 905
514 781
329 465
716 171
934 118
423 759
718 288
654 81
947 969
683 963
335 380
887 291
501 100
448 16
965 725
127 254
13 955
937 76
666 658
619 862
265 975
140 205
752 125
587 282
115 655
409 276
563 951
321 544
932 192
491 880
239 758
370 835
996 915
35 223
552 51
718 576
184 983
461 745
922 77
232 655
767 157
514 147
533 949
205 740
760 165
686 141
944 284
585 30
180 998
269 627
788 741
283 157
296 559
885 499
176 69
547 86
50 610
116 225
1 110
4 85
405 772
408 24
966 943
220 261
685 973
427 997
489 316
54 132
884 339
208 212
851 522
925 239
211 939
216 767
436 972
399 248
238 80
294 831
498 133
85 483
17 899
459 306
620 686
765 306
34 201
215 721
475 524
748 523
363 559
787 65
644 350
459 16
482 467
674 697
728 332
473 140
166 153
61 941
925 708
578 906
108 31
442 665
511 930
147 557
477 846
212 13
106 520
442 534
37 585
799 566
356 812
602 516
56 992
637 818
231 1
73 163
495 636
924 756
790 501
180 843
358 140
175 590
70 272
572 50
573 359
996 774
569 812
608 774
493 336
64 712
631 384
84 763
707 195
72 195
944 407
29 747
563 591
965 303
751 498
149 178
8 826
427 944
376 936
158 32
630 916
570 416
533 28
152 121
139 600
119 533
911 403
493 320
594 365
557 375
25 926
63 242
597 955
786 539
716 728
440 419
901 378
890 679
217 439
678 371
915 178
960 857
32 364
373 198
198 569
807 977
310 683
571 592
324 787
878 414
972 103
956 636
259 724
422 128
795 934
98 199
925 680
85 59
951 936
626 369
294 749
759 143
706 313
486 561
482 933
880 492
383 139
717 663
296 141
701 776
769 648
491 26
441 482
430 75
433 357
344 776
550 328
624 198
222 809
649 617
45 784
597 803
488 691
435 608
168 357
776 612
357 927
75 574
366 679
289 512
453 285
239 268
132 970
64 724
653 388
214 730
149 101
975 297
701 20
985 809
548 317
492 815
577 651
864 250
99 919
724 606
56 962
6 80
65 692
379 340
385 465
59 550
381 431
972 854
414 576
857 434
569 486
437 286
204 63
464 340
835 359
48 531
752 519
15 113
935 128
702 149
812 589
604 687
53 351
256 767
494 579
540 839
445 5
781 619
947 895
415 957
625 105
351 239
799 859
122 229
692 105
772 784
868 160
312 693
402 174
528 549
53 738
375 766
599 304
785 27
235 108
678 302
442 462
978 524
575 946
409 319
727 907
724 903
876 243
948 736
509 502
476 225
116 264
546 611
488 687
766 710
107 455
992 783
990 270
704 179
392 981
120 954
857 603
879 530
625 663
440 961
719 69
888 447
118 628
836 807
529 969
324 211
28 923
351 282
159 163
877 228
831 637
534 841
707 931
825 684
592 609
185 845
93 556
834 546
82 319
414 134
586 639
492 674
457 673
152 433
232 492
552 730
312 311
630 971
850 715
109 312
916 418
259 993
591 736
333 304
209 354
263 581
285 141
837 864
365 95
829 560
833 437
541 124
726 184
276 551
481 531
815 498
461 29
184 190
132 38
540 939
354 242
62 163
635 111
598 81
554 27
536 514
60 320
499 800
499 979
515 652
623 631
724 414
188 508
596 481
539 415
65 367
304 737
1000 606
801 531
52 659
145 471
809 120
634 15
173 385
763 481
473 925
325 198
532 788
455 583
496 700
207 166
161 485
66 738
179 897
335 718
37 291
420 445
461 535
779 638
679 965
690 414
750 854
20 729
222 515
495 489
120 69
513 296
396 740
453 469
224 995
979 885
798 475
103 405
462 44
125 445
806 966
239 181
902 309
633 506
816 182
557 377
290 69
480 699
567 723
826 226
185 218
131 944
497 792
613 186
156 429
200 441
494 63
134 380
962 277
47 693
83 459
199 414
73 798
256 490
169 607
479 190
280 480
134 271
962 132
881 476
293 678
178 614
568 226
255 532
701 410
857 132
986 800
750 185
164 548
751 736
990 872
178 486
338 755
889 92
691 269
449 138
51 234
236 214
420 797
386 669
80 618
618 648
283 15
570 842
948 267
44 816
463 782
501 71
16 42
849 935
706 756
84 64
306 198
960 580
154 50
829 787
74 205
528 410
508 762
111 591
991 939
209 437
709 102
535 606
116 102
79 146
426 866
505 553
503 15
291 418
220 452
976 618
684 315
520 684
922 320
816 195
68 16
486 259
750 588
306 669
941 983
8 827
392 602
266 127
395 337
768 789
722 164
725 771
816 33
215 33
417 106
241 430
721 996
703 4
375 831
531 679
74 774
682 985
76 376
648 585
104 994
426 155
587 588
623 122
73 826
646 199
85 375
583 536
233 572
677 595
517 186
185 321
702 254
208 878
407 454
7 648
982 94
159 989
643 748
77 580
868 337
901 68
959 890
143 361
311 667
222 466
841 498
928 117
242 560
402 356
919 329
578 205
179 170
382 615
398 968
973 876
192 47
302 164
986 713
553 42
404 764
369 761
188 27
367 696
781 10
257 918
990 128
415 352
283 678
214 910
931 882
219 548
296 827
463 433
266 991
432 299
127 868
330 454
352 682
25 396
837 21
441 444
866 615
28 944
90 605
785 523
751 416
163 139
755 805
756 10
498 262
297 945
686 309
177 347
520 402
720 587
58 46
189 776
880 326
923 818
926 503
929 433
987 231
436 871
807 432
384 970
811 821
388 514
194 977
252 223
788 99
229 249
124 1
15 338
133 995
869 425
86 973
158 334
397 558
570 790
754 27
57 185
902 825
650 174
659 212
806 293
938 101
441 715
886 599
373 512
569 199
218 287
435 98
866 387
403 643
740 440
868 373
744 827
211 629
907 819
921 863
744 437
939 482
688 674
412 354
259 465
886 224
299 976
191 710
44 962
115 268
537 792
555 424
407 942
249 78
947 141
490 288
821 748
510 163
106 976
912 163
309 797
987 268
737 850
538 357
166 610
741 826
482 591
897 642
62 774
663 447
244 245
211 484
510 144
793 962
847 51
23 973
120 42
173 96
470 738
823 42
435 797
955 82
318 950
284 866
323 796
23 34
254 228
201 504
226 170
980 217
409 747
162 873
548 338
534 261
817 895
135 458
780 957
307 673
162 100
37 932
208 234
704 751
923 215
551 851
206 660
246 961
40 83
453 965
916 419
122 578
178 752
523 107
700 877
178 703
898 997
631 327
479 234
725 654
925 856
167 313
575 396
616 179
265 305
986 845
626 468
973 577
901 228
479 392
776 403
382 733
272 914
950 851
934 116
596 627
623 630
19 476
259 461
448 18
571 403
568 259
848 531
537 743
705 190
748 116
773 621
819 291
549 246
314 665
425 512
249 836
603 789
864 161
111 554
495 971
813 338
463 361
607 614
656 418
141 550
292 982
701 622
760 22
278 641
585 493
935 545
334 152
245 963
510 505
96 285
354 881
962 624
409 624
358 701
76 454
133 793
674 47
851 986
189 530
223 130
411 536
115 952
450 62
643 981
772 759
37 618
797 68
108 213
414 556
373 423
535 816
220 843
60 656
812 647
706 158
583 708
985 333
677 527
75 501
592 25
386 632
373 760
635 157
433 691
674 979
444 914
161 652
825 357
274 421
833 178
800 37
108 173
117 372
47 89
178 216
655 286
335 338
943 19
835 890
709 3
213 818
731 829
735 989
352 666
813 515
212 126
361 604
641 946
325 185
80 792
966 434
540 483
326 940
97 404
232 320
509 330
706 774
980 345
656 127
841 53
978 36
337 278
391 113
965 156
694 330
698 889
625 815
480 378
387 982
873 501
980 575
84 628
659 654
737 326
42 628
405 806
561 144
428 137
964 107
361 186
806 882
882 460
2 594
115 455
48 444
820 554
34 99
425 92
845 169
850 769
617 26
638 864
15 377
769 365
163 554
517 903
902 195
599 15
254 760
57 156
76 556
486 461
918 849
403 505
649 497
337 525
265 504
798 658
109 33
554 446
167 449
303 129
769 809
535 570
662 611
339 844
408 939
636 974
265 730
428 898
238 537
425 924
407 20
688 790
984 141
645 328
284 542
781 184
840 844
32 921
588 646
849 898
222 156
403 802
939 820
111 26
28 461
247 763
196 639
953 924
202 424
629 463
847 312
136 566
672 728
589 849
787 761
847 425
171 952
207 14
580 532
227 964
692 698
101 80
455 812
991 910
405 503
23 936
979 974
968 349
642 2
491 600
811 761
519 712
579 499
906 671
19 616
907 170
780 180
941 648
197 774
823 118
101 123
849 479
336 694
376 598
802 847
965 257
676 884
314 149
120 348
263 300
305 510
987 230
972 626
223 589
975 585
483 391
673 843
945 686
161 159
368 965
95 626
591 409
632 358
336 99
525 827
531 706
324 716
146 732
836 642
643 949
247 452
379 180
825 82
503 239
569 85
954 537
904 302
907 933
730 192
180 161
825 300
2 462
890 266
680 558
602 390
804 990
307 222
570 728
40 931
972 276
810 203
575 329
557 942
282 992
786 80
365 445
682 385
611 61
636 984
531 348
576 819
259 97
918 287
226 359
724 474
32 532
952 741
587 222
879 925
598 629
709 283
576 64
408 498
742 349
724 184
871 59
528 483
620 889
969 55
718 410
53 154
395 45
37 752
352 142
810 180
817 84
67 373
305 312
370 15
239 147
96 131
443 406
427 877
710 552
859 878
751 308
132 718
522 370
6 163
959 283
154 606
655 562
55 795
52 485
751 165
737 511
828 914
666 6
509 200
447 68
731 217
125 874
551 850
522 860
493 262
595 630
154 210
985 598
345 311
582 742
145 196
643 669
547 584
927 445
57 212
243 513
561 612
859 347
808 727
369 238
901 82
540 822
869 686
947 812
280 831
87 609
859 456
477 581
829 272
868 362
27 282
514 776
821 956
459 855
649 235
706 460
851 599
196 770
201 748
936 345
630 359
98 124
50 507
87 820
770 960
115 739
204 624
502 999
891 662
175 337
876 66
898 363
667 249
706 513
283 752
657 451
288 682
698 657
805 859
735 670
975 175
125 522
784 970
602 833
777 464
280 665
745 555
643 438
415 947
77 470
436 596
581 992
889 772
552 340
314 107
893 965
590 863
58 116
78 115
685 953
667 678
141 920
440 283
672 36
739 472
470 203
306 936
271 449
972 777
555 371
295 52
616 343
323 311
159 709
807 89
55 916
405 709
359 854
747 972
34 657
471 580
562 879
585 374
651 514
800 856
749 219
200 744
417 196
11 178
163 808
612 164
958 392
264 148
85 36
364 29
114 564
374 66
557 136
514 671
291 522
329 323
596 263
969 293
217 438
735 988
776 365
868 648
876 166
105 217
112 315
700 404
884 681
425 722
942 457
529 228
469 761
40 439
370 866
979 68
466 612
69 52
966 450
847 69
334 424
664 242
656 112
768 602
89 831
314 924
866 577
336 572
37 756
625 814
521 775
44 148
889 913
393 660
680 404
977 342
336 346
971 676
525 564
693 434
106 380
253 507
699 769
594 473
8 908
6 107
211 987
342 307
396 895
950 434
916 6
189 708
172 790
