1000 9900
926 187
787 275
207 192
402 818
522 108
392 265
267 635
786 937
533 364
808 994
284 414
308 20
554 300
312 975
6 432
170 21
264 82
181 691
810 69
204 244
299 712
912 765
950 873
333 937
905 312
172 933
532 633
288 687
791 796
99 244
192 946
195 809
457 306
761 348
279 89
463 236
134 964
781 183
729 254
123 603
325 779
678 257
448 832
781 8
693 954
163 369
678 400
315 154
64 410
600 252
653 78
289 186
884 828
331 660
206 288
672 517
286 408
951 414
813 409
483 970
814 914
780 38
275 123
568 888
418 867
20 659
183 161
167 540
651 339
977 664
840 152
935 539
723 325
964 57
358 280
513 135
436 754
419 484
691 515
335 568
360 332
582 523
806 671
846 172
942 810
650 507
711 790
954 514
676 555
941 813
973 23
441 126
232 21
450 244
403 54
105 77
484 907
983 435
731 410
937 527
821 133
234 865
561 361
190 972
691 681
565 128
62 910
476 777
369 863
351 91
501 362
351 24
752 280
109 149
40 932
131 271
867 57
213 151
715 125
74 335
807 677
948 939
614 845
10 983
602 729
786 480
857 131
383 168
311 415
829 94
44 762
210 526
503 707
109 584
737 743
41 824
447 860
193 405
126 277
491 136
359 600
84 73
409 173
378 522
35 295
883 555
573 315
338 140
983 604
966 266
55 41
704 293
758 1000
488 944
55 395
624 460
733 166
715 999
239 301
946 507
870 65
188 570
562 629
559 942
102 942
547 15
31 358
159 317
660 374
698 161
422 545
59 889
831 463
155 870
765 87
414 133
649 245
381 366
110 276
147 266
868 463
793 316
869 233
851 626
543 360
693 283
587 808
604 842
849 117
8 723
334 884
602 319
350 545
132 380
226 627
984 878
997 689
748 652
12 966
9 697
381 545
621 299
200 717
387 852
14 154
894 880
364 939
645 92
226 964
192 732
714 625
625 10
346 605
596 637
216 65
87 838
550 90
4 138
353 312
725 192
175 227
269 90
184 526
666 670
120 876
372 448
395 908
782 808
567 722
930 999
805 201
532 791
813 686
943 863
191 986
75 866
407 658
184 987
770 943
66 518
713 68
128 990
617 736
463 280
50 911
90 608
839 653
880 578
21 254
258 704
940 996
244 489
216 738
665 11
557 109
353 567
372 341
910 807
306 839
768 73
684 112
100 383
617 915
64 829
284 614
712 121
532 772
309 469
366 158
96 398
119 418
103 709
198 823
663 871
65 994
372 666
177 988
915 154
293 722
555 131
265 113
618 545
214 60
507 34
109 426
971 339
683 103
959 242
47 916
627 642
131 425
60 513
284 89
363 432
824 62
933 868
221 562
631 75
354 149
374 208
213 222
587 481
182 903
660 531
524 878
887 396
235 779
454 43
936 310
40 779
919 151
796 194
662 767
75 819
631 798
627 475
227 716
102 456
505 498
434 910
92 726
518 770
44 593
138 800
515 24
588 578
149 762
810 708
516 474
540 509
947 436
762 317
836 580
653 186
710 949
639 17
314 810
6 556
262 442
10 547
78 533
288 620
153 25
586 833
881 855
552 305
989 260
242 651
594 180
353 738
580 359
817 147
529 551
34 159
953 435
24 409
266 122
340 847
327 919
147 469
310 867
662 500
684 84
299 254
489 284
627 34
993 668
372 591
394 361
643 930
733 594
542 104
653 277
507 81
110 46
997 588
778 322
962 231
698 474
337 638
934 154
835 284
599 367
512 908
832 867
627 670
497 325
670 494
160 115
454 885
865 690
442 869
47 142
505 195
639 608
731 637
313 708
607 697
341 286
532 745
934 781
478 153
332 311
869 808
732 676
947 783
93 382
294 575
334 632
26 169
120 708
781 7
917 583
130 411
6 750
667 160
444 383
638 405
675 749
639 164
306 376
184 804
196 60
119 770
710 913
700 159
576 405
480 58
191 539
64 697
139 169
802 619
803 158
575 319
779 590
594 777
104 517
465 498
383 553
955 184
479 686
334 167
997 813
559 554
452 214
806 781
992 419
98 842
538 883
850 961
907 394
746 254
819 838
324 296
509 884
437 215
862 808
186 329
149 323
581 704
547 880
650 674
845 75
721 965
873 130
731 108
698 351
972 850
720 251
117 837
243 438
483 359
643 815
438 746
220 926
138 921
123 77
68 602
17 728
768 304
205 395
600 706
800 897
842 614
469 26
694 557
843 805
912 436
26 713
208 732
959 923
122 894
783 233
967 124
56 352
517 445
645 136
168 649
134 647
728 338
857 114
992 711
701 161
558 538
782 930
434 116
862 140
57 747
494 860
64 217
374 314
522 261
732 648
473 539
205 776
41 831
978 520
649 568
372 470
489 305
65 332
737 855
644 741
3 247
940 588
391 260
603 778
405 408
713 438
348 86
311 66
832 875
822 330
788 718
845 555
760 253
723 499
139 34
620 537
940 912
297 914
599 653
600 533
12 387
72 110
91 410
807 448
461 4
854 549
285 502
586 635
458 794
348 410
836 487
985 555
507 315
219 495
737 776
506 625
938 82
705 597
479 838
171 145
604 617
626 241
94 555
664 302
901 463
740 121
703 119
725 651
517 255
830 78
425 401
85 157
912 695
14 155
995 26
502 119
35 825
90 616
848 463
554 7
312 742
65 498
804 579
821 555
652 527
389 703
451 854
753 830
588 484
620 42
752 114
130 464
558 784
979 317
529 254
550 660
884 710
810 737
480 132
373 327
354 494
805 810
337 414
486 57
324 172
789 294
21 140
961 661
261 807
103 256
513 300
110 612
145 928
609 411
936 949
149 40
599 544
799 34
358 342
346 390
112 812
140 620
859 844
751 330
305 35
774 247
262 27
29 804
945 667
358 688
894 326
404 948
773 421
205 35
991 912
886 624
487 869
388 852
65 993
191 97
642 703
273 842
502 713
765 717
196 781
167 329
264 952
377 529
714 688
125 735
735 282
810 111
973 401
354 291
416 962
364 95
169 142
556 526
932 925
939 559
909 331
303 972
680 320
770 563
329 321
539 242
832 376
824 833
514 524
724 429
211 210
468 227
783 628
92 727
500 188
373 170
212 232
553 236
848 849
81 723
575 839
667 879
33 784
785 257
837 406
934 674
25 436
334 430
603 995
197 158
756 61
956 477
25 37
462 18
364 982
260 204
168 571
703 533
315 316
957 997
335 945
780 866
803 451
585 287
324 309
508 186
551 566
589 383
243 191
559 887
85 672
121 863
674 479
566 81
141 954
312 260
95 539
538 574
688 239
542 222
963 39
794 983
731 432
371 513
925 16
32 353
360 814
455 161
354 18
1000 478
126 976
640 287
252 920
815 438
805 874
449 249
982 461
711 257
31 656
386 714
481 712
446 117
891 901
468 946
988 512
199 962
79 536
740 742
578 201
565 509
880 481
679 581
772 185
210 552
325 777
914 342
188 23
78 195
692 615
362 270
969 318
454 310
19 759
576 200
279 313
468 374
511 304
594 996
482 534
888 518
755 523
112 519
500 468
338 57
822 367
804 174
97 294
334 53
462 110
279 652
690 309
876 584
36 391
647 161
577 877
561 32
785 664
695 181
509 898
976 985
253 258
944 7
926 507
655 731
656 651
806 669
684 57
64 870
449 744
600 856
762 141
42 649
389 484
228 92
284 734
806 639
807 146
242 112
207 966
831 24
635 907
263 604
639 963
873 931
52 64
90 447
53 297
695 750
350 869
688 632
781 533
263 770
403 543
329 686
812 985
568 13
517 444
41 499
867 59
661 893
61 65
636 987
951 315
748 253
481 438
192 15
122 448
821 744
98 441
908 220
212 177
250 364
508 856
278 963
400 75
405 310
282 419
358 254
605 343
608 741
757 505
535 140
120 959
375 127
391 148
249 797
358 73
73 641
399 697
664 550
992 243
187 83
685 176
737 961
466 230
84 713
973 363
548 783
339 246
211 710
841 835
842 492
133 527
457 188
410 592
181 275
209 42
997 977
394 204
267 854
217 551
776 552
702 638
480 515
390 144
945 719
928 88
1000 233
530 710
217 705
159 738
626 159
539 828
901 445
649 300
964 467
217 882
289 333
859 419
332 101
761 877
299 372
433 826
506 336
198 634
679 201
864 694
705 886
43 875
320 404
691 647
15 193
825 333
165 212
437 543
539 459
332 331
151 769
407 379
364 856
260 70
908 714
834 308
31 716
123 295
105 976
400 378
871 166
500 443
778 863
322 627
387 37
257 560
579 118
938 665
248 451
841 338
363 18
199 680
230 881
191 964
673 350
841 291
325 82
953 985
771 72
610 480
187 401
634 490
819 340
641 628
415 97
399 876
491 775
318 884
689 832
46 455
233 348
749 892
953 699
702 990
538 103
595 106
478 658
992 58
983 979
940 467
514 28
385 80
279 692
357 180
281 272
916 979
454 23
106 263
733 938
640 200
694 63
309 467
368 945
756 364
962 511
873 200
266 422
237 849
937 683
629 651
371 695
673 225
11 454
621 747
821 473
494 179
722 622
319 780
436 232
990 563
517 833
242 267
722 513
942 822
88 733
891 11
359 561
86 235
714 512
429 707
104 470
982 273
776 50
596 403
744 646
52 717
669 662
467 206
987 903
179 194
451 873
588 670
438 605
19 621
991 355
60 71
596 369
120 682
502 340
675 610
623 884
447 918
70 251
715 754
257 830
886 377
538 200
496 955
816 410
395 564
582 241
112 619
98 562
599 598
842 469
785 973
315 319
318 626
444 665
174 502
457 514
79 447
409 679
564 797
980 68
388 555
329 940
945 646
342 310
200 331
113 670
349 822
9 347
301 691
168 20
265 161
574 716
367 854
795 737
484 914
431 757
87 343
345 364
623 129
769 658
38 825
877 708
143 86
838 995
270 79
61 858
152 938
943 364
564 119
730 155
221 532
368 488
222 471
350 168
481 719
298 271
62 380
445 108
528 928
986 944
273 59
311 519
187 541
927 549
579 547
145 1
992 684
735 940
863 251
406 488
732 678
490 713
297 367
649 514
779 991
669 179
356 974
785 194
839 787
988 463
866 943
939 953
173 341
28 632
379 960
912 203
931 889
41 995
704 173
297 521
102 212
600 486
608 841
628 260
990 423
495 783
421 1000
79 204
83 137
948 991
309 599
275 802
79 381
527 666
619 344
842 457
951 185
185 970
577 876
615 381
112 964
81 11
473 32
410 799
693 824
20 553
578 580
426 233
124 30
17 956
629 235
898 875
759 692
778 405
617 139
838 813
555 205
350 987
722 566
100 230
360 779
198 543
609 872
575 407
703 162
669 974
85 135
754 246
331 11
618 793
714 600
731 554
107 753
313 469
757 550
888 811
320 343
412 383
655 301
437 371
438 763
143 622
916 814
101 996
523 964
715 917
438 517
188 52
135 607
726 572
197 418
735 678
996 998
407 651
504 240
263 926
26 556
326 857
148 521
534 492
50 595
462 169
482 571
447 575
31 188
987 538
92 446
935 986
149 929
780 197
642 226
182 171
534 60
976 664
449 824
999 288
569 996
220 393
202 908
167 658
349 555
36 581
390 119
708 502
581 896
306 862
806 33
917 142
521 685
929 668
281 420
376 998
821 290
806 702
516 908
42 731
209 186
906 96
928 552
671 288
676 586
381 476
418 326
238 447
424 791
205 142
360 588
545 223
15 445
18 499
313 213
683 909
906 322
423 308
32 315
548 787
878 126
826 413
699 665
550 853
351 410
942 795
433 825
394 513
215 155
843 882
751 869
493 949
39 361
406 596
479 102
891 110
928 212
450 872
269 484
937 266
350 209
669 835
247 891
711 200
127 385
109 886
644 135
204 910
832 495
313 765
706 456
145 56
996 444
406 289
101 951
762 979
190 600
106 543
412 754
914 268
866 160
908 852
979 334
943 235
156 719
710 162
141 157
605 408
127 116
554 950
317 956
853 730
106 817
767 420
823 502
291 193
37 301
996 922
832 939
176 655
50 168
609 191
790 84
225 182
335 185
799 270
893 767
58 444
182 260
348 52
955 4
81 919
444 519
817 27
709 29
272 817
765 63
131 599
720 395
673 676
121 615
694 274
785 726
698 209
662 380
489 404
808 222
841 428
930 47
343 198
968 804
401 454
519 67
725 986
228 134
981 576
565 769
125 778
74 69
223 397
890 650
356 34
707 122
859 157
176 536
901 272
812 820
318 98
602 169
195 757
218 190
536 215
936 93
151 582
136 229
7 674
928 129
472 829
414 672
274 15
556 944
958 61
762 674
359 560
530 348
456 785
645 189
528 837
32 148
711 172
35 727
914 78
165 88
743 543
505 149
179 84
274 320
192 985
434 58
970 216
19 620
884 518
574 478
399 984
76 207
321 660
514 445
509 455
770 851
218 788
995 756
779 515
391 313
789 726
654 449
236 656
206 456
667 886
358 135
456 327
503 938
736 339
239 384
738 289
525 509
429 424
989 857
434 638
491 627
774 548
194 690
301 238
486 170
185 941
613 405
851 352
694 254
915 767
951 197
895 482
409 678
174 209
266 121
692 492
492 849
453 725
851 446
929 280
12 724
254 515
38 604
59 531
43 246
906 56
46 783
786 530
329 965
795 359
534 544
792 191
43 7
775 334
82 547
724 250
765 382
534 815
307 954
828 342
21 580
679 3
973 290
976 458
740 51
725 321
601 979
359 967
216 367
934 471
421 224
526 829
673 351
468 845
550 906
273 937
520 502
994 277
939 508
320 332
749 477
290 888
260 832
849 956
729 81
18 782
990 104
682 313
558 620
134 952
395 632
362 509
625 305
187 762
204 692
387 492
615 730
743 481
374 332
123 972
89 716
398 748
405 272
995 528
482 933
608 731
326 882
104 631
538 904
870 895
871 18
693 990
879 519
922 363
318 781
126 46
474 535
148 340
77 410
63 603
727 544
200 59
309 711
334 170
823 994
275 696
717 23
958 607
409 642
932 640
713 460
589 353
681 878
673 846
985 972
379 365
508 79
695 341
275 406
557 340
996 244
778 3
301 662
33 88
416 320
878 240
281 274
512 234
973 373
595 703
195 717
125 532
678 778
62 63
320 394
344 256
539 270
78 773
652 768
321 862
963 577
531 133
515 520
616 379
84 305
891 931
583 937
87 883
424 406
596 468
147 617
985 219
640 906
183 684
238 287
916 815
947 101
518 943
528 683
984 29
93 351
739 341
443 880
133 721
838 27
309 871
643 27
413 134
260 745
301 387
598 635
620 231
415 399
54 709
865 8
573 8
244 943
912 71
474 632
970 837
775 253
700 272
232 554
283 934
276 293
495 147
650 726
176 273
158 833
380 721
553 36
533 891
789 225
372 381
410 606
966 955
916 228
572 582
756 411
24 468
261 489
725 852
836 83
655 569
159 462
200 309
239 124
794 619
63 162
263 412
376 598
910 617
103 733
333 826
775 257
513 818
788 252
521 287
66 484
622 145
588 289
671 571
20 469
956 588
848 205
852 525
856 712
48 901
765 520
172 962
270 4
199 102
810 25
630 398
665 826
575 283
744 797
977 255
476 664
592 337
611 463
260 137
647 783
482 41
799 804
475 700
235 803
19 482
131 252
369 601
45 542
361 985
538 417
386 978
165 119
409 371
653 944
197 500
161 806
957 282
948 707
73 143
625 586
219 348
916 366
27 714
999 16
505 308
359 177
683 45
349 507
480 118
63 701
555 626
429 67
823 151
475 435
940 404
851 214
638 548
755 882
280 956
667 568
779 418
121 614
653 453
254 778
883 214
577 811
58 224
59 665
741 365
816 60
29 801
345 628
823 859
368 947
341 140
172 815
466 524
641 208
373 507
474 3
755 174
560 384
997 213
532 46
868 70
618 557
801 27
327 499
147 121
720 85
151 577
298 247
337 539
670 359
89 138
757 763
938 39
557 719
916 679
32 38
506 485
791 533
695 833
554 87
424 701
26 524
703 330
468 921
151 148
851 224
853 42
13 147
382 626
53 690
259 47
796 222
815 98
787 517
611 201
169 318
761 308
874 637
670 946
231 168
167 575
74 101
867 416
814 153
836 561
455 352
476 160
222 964
341 451
406 159
500 46
430 912
54 653
40 331
573 383
442 227
957 512
797 811
889 186
11 890
728 760
234 1
783 900
54 828
736 195
889 811
186 95
868 599
828 492
215 216
141 725
953 439
892 405
367 13
882 642
286 125
901 576
902 411
291 700
412 223
910 950
432 977
307 671
703 837
220 519
816 774
358 957
530 912
164 786
695 534
267 373
138 993
968 592
967 511
276 614
743 40
445 136
651 549
329 695
722 882
429 660
47 805
319 512
843 906
539 284
947 920
624 827
226 123
835 719
766 865
35 579
313 825
562 336
286 397
107 181
235 120
296 450
921 535
5 932
410 20
925 883
476 277
352 299
776 413
657 398
714 73
734 140
348 991
75 561
633 127
50 881
452 941
328 147
954 427
679 906
3 445
689 142
637 560
709 67
453 887
550 957
174 417
505 974
716 816
550 780
516 884
72 299
885 435
7 3
29 711
125 126
595 946
594 39
350 213
390 978
797 706
305 496
348 434
919 35
341 567
566 48
769 466
710 139
573 952
116 517
906 221
764 889
11 435
47 754
886 652
246 623
651 867
925 64
290 729
864 574
242 254
5 34
389 131
800 790
213 463
419 948
460 280
463 651
24 216
461 317
869 517
302 638
284 157
711 230
531 132
660 608
772 122
757 143
118 230
111 661
216 106
606 347
222 64
39 570
818 891
782 934
52 647
936 498
882 626
23 6
904 784
210 523
174 918
107 145
322 852
665 668
102 404
230 345
217 780
16 495
73 146
399 828
672 762
197 49
664 698
511 465
794 5
686 15
177 772
287 161
562 101
879 538
36 192
318 814
796 714
267 28
529 961
589 593
132 918
635 866
196 29
822 505
770 348
685 79
228 910
584 190
212 297
31 365
659 716
941 374
580 202
699 702
346 192
977 34
320 811
135 336
197 995
161 189
569 296
788 14
256 151
593 210
3 994
457 884
545 279
72 851
904 402
892 57
985 713
488 303
754 54
543 538
786 893
15 93
473 14
332 503
83 971
264 111
963 687
32 27
749 130
806 203
666 854
962 804
544 422
918 145
5 329
230 904
820 322
415 558
914 251
133 205
520 30
363 134
914 266
994 334
153 964
939 741
154 439
526 391
785 255
786 336
195 540
481 64
28 563
891 541
697 836
516 264
19 816
573 233
480 152
135 978
211 24
49 405
512 811
729 475
839 618
474 938
560 615
82 215
525 471
943 952
155 455
549 465
2 948
205 277
102 962
953 553
590 822
98 924
427 830
101 299
46 676
233 99
881 831
686 372
724 559
633 615
233 12
896 246
471 30
932 540
863 776
698 78
205 78
172 153
836 432
731 138
253 322
517 539
369 333
447 102
87 223
333 379
426 175
651 858
691 857
600 898
203 851
4 640
846 907
998 710
285 873
327 498
521 139
264 956
670 356
375 486
666 827
479 68
339 593
449 17
397 337
571 906
806 247
807 778
791 641
43 729
468 922
86 345
135 474
327 161
188 297
32 773
549 800
195 119
18 808
39 962
814 444
807 611
767 356
397 132
951 637
308 993
390 983
687 39
892 743
308 912
429 284
828 95
176 734
999 166
212 244
591 509
735 760
41 900
279 390
62 786
230 496
12 3
898 60
239 386
536 446
538 215
63 720
945 255
653 105
175 710
549 501
291 477
55 108
619 882
491 32
693 666
196 454
705 183
560 865
101 335
798 319
836 246
93 763
828 626
63 775
500 739
764 624
581 838
819 881
987 147
660 299
733 907
256 49
827 330
440 477
449 512
980 804
997 124
877 576
877 848
384 917
367 226
663 817
506 578
163 723
238 117
204 445
479 885
358 946
848 104
820 198
76 86
259 590
883 723
743 974
924 164
138 625
640 38
427 140
549 738
518 679
26 609
333 931
411 57
198 355
762 934
799 767
360 750
490 677
4 335
922 726
939 668
325 245
19 650
922 889
406 94
968 571
72 556
969 290
932 178
143 821
535 503
439 386
480 209
178 707
779 630
729 482
732 967
880 850
415 391
940 756
408 413
83 29
461 554
747 2
654 594
182 339
161 967
451 521
207 58
996 803
732 229
172 565
314 954
81 989
10 339
29 597
690 305
619 349
197 783
608 938
422 940
759 845
372 283
305 358
487 634
881 967
536 294
422 575
816 118
390 25
730 740
769 416
372 569
488 22
879 42
627 5
241 322
829 833
746 413
489 652
399 59
403 60
902 166
155 559
160 839
204 48
942 770
433 953
216 333
991 224
973 597
246 441
433 764
181 514
995 114
427 673
835 541
195 890
201 761
112 12
59 96
559 194
342 622
44 752
961 832
959 757
411 291
415 363
531 466
572 318
331 584
813 580
27 883
156 533
918 385
510 262
761 92
232 782
561 277
652 164
121 366
785 461
382 71
990 390
594 855
757 441
548 100
475 336
96 43
46 649
324 107
162 410
20 812
816 131
637 309
965 494
401 927
155 892
484 224
34 51
935 283
756 276
115 388
777 905
850 817
609 958
911 466
935 488
834 733
546 73
219 275
384 716
479 845
365 86
449 907
963 769
360 874
549 600
952 110
592 53
802 881
739 806
151 940
668 378
62 217
262 97
737 393
929 770
754 281
95 19
799 913
484 538
485 815
643 445
347 20
847 901
351 202
23 436
597 31
678 183
273 145
439 292
334 522
5 618
637 218
218 831
866 995
667 254
265 838
987 861
352 468
244 162
631 598
27 716
161 232
943 970
35 201
127 855
737 999
396 849
645 828
762 402
232 761
84 890
712 675
875 913
289 598
932 424
553 161
111 675
292 847
427 672
966 242
938 480
785 570
608 995
784 382
253 127
127 538
629 964
977 355
941 456
300 464
449 906
410 688
506 845
261 459
725 886
85 663
836 455
534 680
685 852
945 86
630 812
321 627
234 641
169 582
21 557
304 678
480 769
247 389
655 162
90 448
934 351
368 738
848 28
78 673
890 619
910 276
150 787
403 338
333 557
230 843
265 341
543 910
782 210
252 707
540 749
517 111
576 549
350 176
653 671
499 680
491 266
447 34
170 749
588 155
144 960
17 86
680 658
415 451
259 17
288 495
278 36
135 531
874 635
191 919
140 235
351 605
407 863
344 933
163 299
734 150
917 670
240 764
965 98
343 562
749 971
571 279
374 944
490 149
880 533
111 711
519 732
847 243
978 126
962 795
779 371
862 532
168 544
975 351
499 14
374 850
413 834
966 630
733 793
93 762
840 443
62 64
392 579
512 372
703 758
150 722
928 740
507 659
837 636
855 797
949 396
191 51
581 615
731 6
5 187
320 643
119 269
650 932
716 289
333 632
5 204
7 353
171 220
523 387
372 875
213 297
420 757
937 421
76 87
422 47
425 345
152 575
377 560
943 629
697 485
700 924
521 845
229 640
586 786
627 533
41 410
39 643
813 812
783 256
311 515
995 934
208 532
65 445
781 351
923 562
198 243
199 846
826 916
222 245
10 909
88 249
288 523
821 671
951 576
537 948
41 197
939 812
947 297
896 853
640 678
473 690
480 210
796 962
124 769
451 563
475 425
383 352
227 972
193 684
710 907
508 535
864 295
102 981
465 300
796 736
139 175
749 832
92 69
457 960
573 498
998 97
391 77
585 476
842 501
384 165
578 783
85 877
466 801
929 479
250 888
125 124
740 260
897 121
239 244
96 366
522 326
723 315
561 180
214 434
340 873
949 773
721 749
299 208
337 933
674 508
638 821
385 559
405 548
376 684
473 278
493 171
393 730
422 361
99 716
650 196
155 558
618 720
782 505
33 206
569 492
510 874
976 26
213 461
160 183
460 282
143 295
114 661
186 774
99 59
83 926
781 609
291 749
551 379
259 331
653 679
66 835
748 875
877 137
477 795
351 870
875 542
49 572
574 266
499 620
316 10
834 463
601 488
503 728
552 587
307 373
992 571
974 767
477 61
460 813
191 943
732 565
771 83
899 422
886 266
728 916
656 145
589 877
111 537
370 677
611 993
614 384
10 530
27 656
253 766
70 342
55 38
996 704
945 6
304 138
953 531
326 639
845 549
556 408
629 894
222 700
780 848
908 285
324 84
814 624
510 379
336 650
48 955
85 769
286 40
720 544
332 990
480 681
101 826
29 858
391 855
603 381
417 184
381 359
608 149
111 66
573 873
668 695
462 664
64 839
217 603
845 105
539 898
849 110
975 986
195 396
414 942
843 520
471 715
170 178
744 211
726 327
416 222
111 401
83 860
634 113
446 494
255 634
806 382
934 387
826 520
576 683
345 74
933 841
184 328
60 491
191 527
817 980
752 882
195 968
228 5
52 839
266 592
577 160
501 248
886 648
397 866
244 542
282 895
361 990
73 437
59 387
635 308
726 749
896 878
108 204
678 320
404 701
973 956
525 243
283 712
502 508
748 508
287 256
219 758
183 851
644 711
520 973
171 875
614 477
358 159
641 591
625 728
355 922
693 787
380 530
435 723
185 548
629 161
757 412
318 968
196 492
34 259
641 361
842 442
805 566
405 152
944 486
746 30
250 833
822 475
457 617
431 777
33 330
664 852
10 74
484 133
46 900
569 729
91 109
953 378
720 411
349 813
285 69
512 439
592 869
60 843
370 111
685 740
17 691
797 192
792 214
995 497
650 156
854 19
730 110
927 712
492 301
420 722
972 999
361 496
541 86
834 960
781 711
433 857
397 766
959 139
691 680
852 556
355 76
503 348
360 982
895 590
531 81
577 561
916 541
369 792
959 985
89 425
930 689
401 37
330 901
762 896
518 383
585 649
342 548
753 835
420 150
661 944
648 497
196 495
264 506
732 735
457 495
89 847
903 760
205 715
110 611
321 616
668 136
848 647
300 994
357 543
642 277
880 808
809 380
26 126
297 207
574 462
784 46
490 3
128 514
220 184
499 40
760 349
318 789
777 946
861 417
112 608
663 367
67 364
320 891
271 566
219 865
295 396
816 253
437 941
379 615
380 788
73 740
348 314
594 62
764 626
106 356
803 342
278 49
135 261
693 299
333 396
704 800
262 904
522 408
690 847
506 576
252 60
613 85
82 543
321 381
821 56
846 997
336 158
834 949
982 229
638 587
475 613
316 551
833 331
852 721
527 507
605 999
319 361
874 920
903 805
912 757
398 797
826 691
468 31
919 466
209 723
302 464
415 595
640 563
190 645
746 224
2 391
338 495
303 863
783 399
532 871
292 460
746 515
830 965
442 416
280 571
310 857
227 638
466 474
374 755
303 701
438 860
993 43
101 574
525 396
28 740
983 688
729 529
417 599
73 469
241 939
663 258
957 545
889 859
267 501
749 831
1 129
20 667
858 701
73 311
112 795
577 871
944 430
229 444
696 548
508 66
919 17
106 344
402 585
20 104
846 180
522 214
155 771
312 294
551 299
663 823
981 456
893 344
877 691
588 426
971 562
955 637
464 432
930 309
569 499
460 132
579 198
449 445
354 370
155 335
659 79
77 542
406 572
173 863
429 757
892 357
711 227
804 967
752 272
181 512
476 688
259 330
578 180
224 270
147 513
61 91
227 303
106 548
749 334
830 913
279 117
27 964
190 560
908 843
156 736
412 538
610 103
791 30
121 18
573 194
724 82
339 52
258 466
723 154
734 990
926 541
799 379
932 438
883 416
221 217
225 594
465 271
875 836
324 198
932 261
532 149
447 280
555 723
77 267
261 580
300 494
104 759
637 307
471 119
21 452
81 217
389 288
907 431
86 682
752 914
931 293
988 818
972 655
864 768
721 905
243 381
462 665
500 596
534 768
966 857
642 547
114 242
756 645
376 77
686 680
218 52
707 674
685 528
268 868
655 840
233 593
164 853
274 149
937 595
846 989
830 486
324 927
797 231
32 468
77 689
389 885
835 477
692 114
575 263
887 17
401 300
319 581
658 465
146 253
888 844
26 423
902 716
636 902
395 678
979 915
944 893
359 382
786 316
914 265
98 963
710 865
889 243
796 869
952 539
817 55
921 460
282 30
174 32
305 919
213 518
288 675
582 369
840 144
11 709
514 859
583 461
714 396
183 963
776 551
448 552
448 659
827 212
842 160
867 759
125 449
606 656
257 103
701 612
135 2
229 355
488 803
604 401
107 587
915 742
453 619
201 386
202 941
975 746
813 251
979 751
564 775
656 698
889 933
860 186
437 231
996 426
263 367
650 698
868 501
512 392
773 256
9 130
997 209
545 304
449 347
341 861
877 891
91 778
937 574
354 472
561 558
544 56
275 176
721 288
425 355
820 683
159 994
592 613
38 241
189 379
338 855
341 382
174 529
708 585
622 915
364 903
798 184
852 924
930 718
282 801
544 52
361 808
198 149
890 252
572 386
147 569
369 633
596 264
889 258
118 92
840 858
487 169
531 415
438 599
424 225
79 803
325 175
634 793
69 170
822 632
770 223
883 634
221 127
315 230
614 510
102 290
892 960
918 62
704 246
889 190
231 795
949 668
143 601
831 728
281 212
45 83
492 936
953 586
55 414
668 433
560 868
962 648
390 417
43 925
515 476
370 351
813 223
780 1000
214 404
11 956
721 974
189 874
355 606
871 574
806 763
116 557
815 891
392 419
67 227
51 742
128 365
147 187
935 434
313 167
467 92
181 920
642 666
939 768
829 540
265 405
570 1000
100 863
398 10
481 592
668 188
100 814
716 144
437 593
960 738
887 473
361 891
341 437
696 156
679 493
905 432
274 929
305 620
622 649
718 968
274 673
562 332
999 993
840 886
658 827
731 787
221 417
350 351
761 212
1 629
535 496
25 383
176 765
139 451
130 2
645 737
426 893
782 44
838 210
343 720
71 705
789 502
202 688
675 499
713 4
185 611
24 735
745 379
323 813
879 736
606 616
37 851
422 931
261 623
153 366
281 289
780 829
939 148
968 37
860 243
58 53
367 45
600 688
929 334
676 717
950 484
187 20
907 275
293 944
459 392
24 155
668 732
618 48
483 286
671 475
622 271
849 255
811 204
406 864
744 249
378 411
323 502
768 153
590 344
460 133
925 461
229 960
142 969
91 995
310 643
632 701
213 444
420 634
865 819
95 56
276 646
596 755
100 879
761 549
208 611
174 696
583 932
131 135
174 811
801 515
255 388
735 910
294 102
814 507
782 853
822 774
930 984
218 806
455 599
296 996
26 149
870 562
912 158
452 103
425 529
245 432
230 300
638 441
639 64
904 91
20 602
963 885
488 554
550 578
275 908
628 358
760 150
278 769
724 817
206 18
576 376
336 765
686 237
999 350
267 97
675 124
396 587
751 457
254 787
111 878
206 86
409 752
138 414
656 351
146 901
932 740
439 980
65 755
727 289
674 431
637 20
417 105
505 958
172 983
157 37
432 620
289 213
551 213
907 541
838 771
930 342
167 349
815 529
321 213
952 113
626 120
133 633
622 718
166 31
756 971
207 705
617 395
928 234
346 691
994 359
99 232
248 893
341 508
19 376
402 272
791 750
445 430
51 11
529 505
697 765
296 162
60 203
705 26
889 357
144 886
255 440
222 29
683 591
705 139
245 114
451 751
729 132
787 605
905 682
930 31
602 932
197 384
804 440
970 896
257 811
405 339
44 501
848 561
173 151
836 617
656 255
620 192
383 314
277 137
832 976
262 471
642 81
296 653
461 877
153 4
780 231
729 761
913 514
435 834
992 5
927 979
353 733
561 16
899 197
301 789
638 6
659 895
271 589
239 185
168 726
423 262
614 31
24 179
712 19
72 434
492 875
163 989
349 954
85 660
824 540
641 186
769 493
399 350
973 69
800 517
74 790
626 811
759 709
547 641
389 182
290 330
692 305
712 431
924 860
820 157
934 429
39 267
702 89
541 197
543 907
123 506
195 537
425 28
104 477
530 233
568 460
259 908
848 972
143 252
902 681
504 626
930 830
400 349
74 396
2 417
476 488
701 225
499 953
407 122
669 579
473 554
569 458
884 524
919 31
766 552
454 450
202 443
150 75
746 700
709 328
73 174
425 617
724 139
410 223
379 938
767 215
783 786
698 554
538 211
281 42
779 743
942 177
326 554
811 662
66 468
120 109
484 502
231 875
903 502
92 19
864 124
852 644
745 184
953 299
312 413
366 208
997 562
885 764
565 766
324 332
647 488
119 409
160 960
234 593
843 581
590 210
8 660
480 945
778 504
394 481
858 138
552 773
437 269
39 457
6 274
432 395
424 755
556 708
43 795
866 499
924 215
946 571
105 887
660 585
94 261
672 23
550 8
199 954
119 19
627 903
919 349
652 632
470 951
31 653
195 787
973 864
118 953
190 538
212 54
201 803
370 986
701 118
424 222
31 931
412 935
236 999
664 944
157 841
325 603
32 626
254 395
685 307
558 195
596 114
49 465
219 929
982 493
718 389
594 879
6 513
429 390
366 547
572 858
352 253
261 733
943 749
401 970
702 872
812 216
206 123
614 84
561 88
200 176
73 646
972 534
318 736
979 678
341 577
612 716
5 830
524 394
572 760
233 857
293 959
419 716
60 338
777 994
201 726
156 489
793 540
472 558
200 509
789 651
12 980
477 801
424 576
332 121
302 673
754 158
367 593
260 125
977 901
583 641
472 251
352 785
491 438
252 518
695 900
94 225
614 1000
448 403
122 246
164 503
437 805
945 832
160 374
861 946
197 719
476 464
923 19
762 41
455 598
663 237
810 611
308 852
899 427
315 176
444 29
889 27
687 328
432 372
491 787
98 659
651 395
482 562
824 965
804 123
309 515
75 673
258 323
482 677
451 334
714 328
92 36
135 24
727 450
199 741
662 363
883 812
138 415
792 897
245 868
267 846
767 547
148 59
148 822
82 707
241 380
15 277
570 220
792 78
959 482
617 223
655 805
531 747
334 839
692 350
821 126
825 123
4 824
901 54
117 977
118 394
299 364
50 143
467 766
998 686
198 626
753 233
271 194
592 41
95 910
172 645
284 79
412 436
967 202
204 822
649 135
669 860
28 68
47 216
655 409
235 648
736 915
787 785
181 610
94 659
305 602
786 427
643 462
537 855
866 157
304 406
948 427
986 738
808 286
862 81
278 230
795 8
247 519
585 972
396 510
752 107
604 955
990 181
724 1
525 240
1000 873
642 268
349 68
277 295
261 994
407 676
174 145
710 71
947 403
720 963
849 737
496 919
689 888
176 789
328 208
348 51
59 64
187 119
760 179
372 185
870 136
376 188
799 132
909 964
269 613
805 563
718 364
941 435
357 188
488 805
188 650
958 794
176 194
30 253
536 354
936 732
812 55
264 613
120 415
599 793
940 693
33 312
401 700
823 849
521 579
851 536
319 86
86 807
12 702
90 170
698 429
38 954
185 86
859 322
66 124
650 8
603 120
913 519
904 435
706 246
315 836
137 36
47 553
748 746
489 985
532 155
609 824
848 16
61 733
639 784
913 468
696 932
902 946
554 879
344 510
577 875
273 966
950 920
365 344
350 828
880 367
175 24
991 139
109 996
865 398
538 85
810 281
324 878
799 663
567 667
640 840
74 28
735 961
727 977
339 912
246 342
497 696
219 678
643 200
166 599
120 801
969 410
163 303
628 697
232 842
936 892
634 377
67 536
68 359
901 775
701 533
926 746
448 677
604 448
435 929
923 692
266 145
876 748
550 885
903 95
686 405
661 794
177 699
414 184
94 940
827 321
974 400
440 251
798 194
266 499
431 927
358 597
698 478
150 833
247 327
836 288
547 815
363 842
307 127
864 953
815 746
817 597
364 116
802 483
713 644
553 959
733 729
868 96
544 662
797 60
657 649
530 409
508 356
406 932
482 278
523 532
872 242
835 262
86 156
472 224
551 450
602 751
299 709
375 374
554 53
577 252
8 209
52 826
753 915
776 214
789 910
47 1
675 808
917 875
726 867
891 762
966 232
144 191
861 990
18 664
292 463
519 888
97 881
957 491
481 18
468 264
804 354
309 780
352 289
443 986
528 356
76 920
899 479
993 40
25 494
26 81
974 905
468 494
490 98
988 229
81 583
33 932
140 888
288 971
655 161
534 40
21 203
386 472
945 111
27 976
950 216
522 499
997 851
963 351
214 583
876 720
751 292
937 952
461 22
764 913
505 818
396 903
581 484
884 362
744 477
337 921
449 743
251 703
877 543
251 891
627 8
225 812
635 519
428 391
447 165
431 544
142 685
272 923
446 103
103 916
473 395
790 984
755 285
646 156
80 227
88 364
375 52
341 132
177 867
414 592
109 104
592 78
475 578
973 511
721 366
961 287
386 267
377 720
449 35
595 546
223 113
886 979
657 458
173 860
445 919
599 506
530 159
677 348
92 812
611 472
575 381
173 749
320 175
1000 705
715 118
537 890
412 177
278 360
47 37
784 685
895 865
302 805
278 219
740 530
245 156
173 399
784 828
532 392
161 787
718 853
98 334
283 736
895 71
623 948
862 404
370 846
117 195
61 615
254 420
888 350
335 173
68 296
949 673
235 265
607 625
420 365
257 743
561 409
413 996
361 435
744 421
948 955
475 343
348 223
665 139
629 890
48 131
824 804
607 791
367 466
738 706
423 284
336 654
832 515
262 154
530 906
824 659
77 153
828 567
108 817
289 905
630 938
538 716
760 852
335 662
928 544
432 927
983 616
699 947
955 557
608 503
717 43
778 433
484 850
929 59
413 330
87 279
963 226
354 383
592 923
369 22
133 91
348 33
7 694
247 45
937 764
346 782
90 376
618 978
838 547
394 664
604 641
492 122
265 313
687 811
563 377
781 274
184 426
682 361
866 154
136 269
619 958
981 187
162 789
126 578
752 29
625 353
218 649
662 750
439 291
166 473
839 834
917 532
706 533
637 831
709 338
265 841
303 641
17 291
2 108
511 354
683 799
866 879
334 297
79 31
944 700
720 438
859 523
932 469
680 134
528 860
300 175
432 127
14 793
236 985
646 766
379 607
34 142
732 89
152 253
157 465
671 238
950 51
378 46
955 363
884 307
833 807
426 375
851 426
879 504
826 244
577 334
890 803
86 804
967 613
608 292
510 708
781 993
727 37
289 247
76 217
441 812
501 612
137 43
502 711
158 499
786 968
859 258
255 949
679 23
712 994
904 259
69 817
952 15
493 913
320 457
818 584
85 71
839 482
786 234
787 191
881 40
312 797
611 387
543 794
532 617
767 611
695 198
890 185
981 238
400 351
405 873
809 53
516 180
809 70
538 671
297 378
154 405
502 429
785 221
128 760
662 869
322 640
923 33
444 366
801 811
715 749
972 913
921 350
371 403
813 280
439 611
889 210
746 298
893 554
529 865
343 713
969 106
899 371
796 665
301 85
171 617
984 536
396 702
145 890
243 107
831 554
448 725
604 112
989 394
407 471
11 168
372 48
614 57
963 243
965 417
953 297
129 831
438 291
831 264
927 997
294 418
333 392
484 2
67 228
964 382
927 906
308 250
419 675
721 103
80 105
601 569
195 328
829 537
186 525
371 523
262 686
122 911
782 401
547 524
380 331
700 810
350 887
298 210
136 137
355 31
686 961
198 443
308 399
77 630
207 699
423 590
942 970
51 167
273 929
28 141
710 433
568 490
52 827
647 844
268 371
565 451
342 580
75 891
222 254
403 960
892 872
446 998
892 658
611 234
499 516
62 726
526 321
861 151
72 594
219 645
308 882
535 13
645 605
595 350
631 612
562 429
671 733
283 692
935 856
827 819
735 730
649 747
407 751
84 840
177 26
420 646
171 964
614 360
535 635
410 416
37 719
781 864
119 827
768 673
785 517
146 781
418 998
680 493
55 511
441 319
607 473
465 641
394 79
616 863
663 621
745 154
713 979
158 700
310 858
453 706
206 795
582 662
968 774
676 607
789 792
462 560
263 449
15 416
34 403
824 64
716 322
311 958
424 720
403 435
246 657
393 201
285 811
33 178
643 681
313 418
958 18
65 193
337 612
891 93
928 193
583 643
895 701
15 247
950 982
866 405
995 235
977 532
706 74
907 801
964 790
883 353
212 374
199 920
221 736
265 299
652 542
601 66
692 815
572 325
865 437
424 45
406 397
504 795
838 384
987 966
697 960
348 660
723 832
951 429
999 151
145 262
143 791
115 560
233 477
445 23
1 455
538 230
421 546
82 234
487 289
128 974
384 376
427 698
597 554
563 758
556 405
598 972
33 560
698 194
382 299
898 256
79 457
690 606
215 153
570 504
457 705
295 289
354 895
635 722
87 67
552 530
293 960
55 737
832 565
907 304
108 833
475 786
263 549
215 876
128 296
256 285
708 947
569 19
753 286
772 656
310 755
575 45
778 257
391 811
235 620
159 778
718 955
242 364
479 105
172 224
820 43
768 390
739 189
630 327
478 208
536 529
770 214
334 107
482 33
688 892
625 151
165 60
772 212
848 618
245 206
657 156
913 42
696 454
480 692
239 800
131 117
888 558
406 425
10 846
766 563
491 211
678 325
764 988
795 443
724 3
378 707
344 975
351 756
399 886
443 114
262 458
889 166
637 512
525 949
379 880
286 476
575 595
112 633
116 17
776 698
192 24
215 351
783 985
2 830
684 326
645 984
673 849
338 594
893 143
620 624
509 722
326 751
609 257
8 782
855 284
529 704
475 80
93 513
976 923
629 639
337 87
375 955
824 543
362 546
219 87
467 977
376 634
105 348
154 113
281 681
545 308
180 473
864 526
332 44
939 92
613 909
650 153
731 478
273 666
554 317
555 12
259 603
367 538
812 629
341 187
108 730
329 643
296 468
688 570
943 338
928 9
661 729
266 318
360 618
108 504
164 442
173 564
959 597
216 41
514 656
364 161
936 290
616 458
291 570
904 628
593 814
936 251
525 129
448 251
286 655
895 137
19 740
727 832
429 253
601 340
327 315
322 847
44 468
135 815
417 590
40 307
446 58
22 487
7 369
407 571
304 248
604 339
343 697
112 613
738 425
278 716
662 268
124 584
253 172
186 103
298 637
478 556
462 315
101 217
798 177
711 912
949 999
755 116
321 217
117 975
281 619
447 50
547 832
252 202
396 876
807 274
428 413
90 140
806 590
288 888
838 831
677 755
380 213
898 780
86 124
425 306
284 403
123 189
655 140
849 245
968 600
652 27
958 119
597 413
673 485
748 607
142 96
695 780
759 416
316 915
688 550
854 151
468 854
633 602
647 830
65 6
619 603
175 73
293 62
576 950
338 601
726 844
88 80
565 450
496 277
169 497
117 459
946 235
818 293
876 104
514 487
52 602
455 623
60 125
581 461
598 485
427 606
257 964
995 539
743 361
598 596
340 332
123 948
452 774
954 448
936 203
810 684
500 10
528 501
358 88
585 228
783 883
54 865
515 241
884 944
680 601
387 514
463 311
84 696
927 388
110 696
609 111
242 592
427 815
215 297
859 739
684 270
902 349
36 602
172 58
858 553
819 805
695 917
517 698
334 164
370 383
134 122
2 716
341 590
548 444
789 950
93 585
647 440
116 926
409 570
393 925
287 569
440 480
663 818
977 79
940 341
778 8
137 384
252 93
971 553
897 398
38 960
868 951
81 291
869 474
86 988
531 833
878 104
492 483
311 953
384 662
494 480
811 494
265 262
753 937
787 137
42 176
78 786
108 433
697 372
556 186
830 184
388 363
255 307
183 609
893 124
210 612
771 647
776 323
938 726
694 34
709 747
636 605
566 944
364 376
700 362
71 845
987 886
235 237
951 723
59 347
773 754
546 843
430 230
996 895
690 490
106 229
714 881
365 900
97 494
975 511
542 566
463 267
84 732
358 471
987 389
595 917
239 304
147 314
573 528
496 844
1 617
328 917
257 399
96 145
578 877
426 526
600 737
983 806
819 769
470 991
642 794
685 984
29 852
17 884
293 975
785 925
354 751
81 109
64 861
525 960
358 531
752 998
271 952
766 549
367 803
25 550
444 159
307 588
295 946
459 313
133 968
480 892
986 58
53 225
38 895
282 645
580 972
526 928
506 359
470 266
950 512
520 345
703 200
9 980
891 120
873 533
982 401
279 369
678 958
130 608
701 503
494 623
809 811
540 955
173 702
491 295
825 459
648 76
722 965
782 27
35 690
399 26
331 271
795 156
248 607
374 483
830 96
913 41
36 808
112 190
452 696
572 217
274 628
663 242
829 230
299 478
875 104
268 26
83 93
897 590
794 254
45 840
603 866
840 608
23 881
392 993
173 36
328 211
715 545
148 422
893 870
159 230
1 204
956 444
941 432
250 843
470 904
827 457
7 67
524 367
138 902
927 882
221 892
239 42
766 296
9 427
345 579
650 420
677 845
695 404
150 811
985 700
517 805
469 167
890 515
526 525
194 10
947 632
379 10
679 17
864 766
756 900
942 829
213 399
69 704
964 728
714 567
515 316
1 928
716 105
374 45
892 426
551 313
629 134
649 817
821 531
571 864
866 188
246 154
943 32
503 745
622 609
614 657
407 999
728 52
303 822
791 93
316 419
182 476
476 185
97 52
760 500
250 538
412 893
804 47
908 744
131 671
654 890
101 405
728 705
288 197
520 717
724 885
346 511
328 94
310 82
738 537
888 118
634 614
393 646
737 256
470 916
552 717
202 970
354 949
957 874
10 153
600 729
160 742
475 959
6 101
746 286
161 140
768 3
147 190
55 601
792 137
243 425
691 957
513 881
574 842
811 116
647 650
9 50
691 554
998 666
811 389
228 273
416 907
238 974
811 274
230 878
553 751
847 981
649 220
544 486
122 222
857 97
658 18
967 28
607 53
443 640
247 954
360 726
913 96
885 532
679 594
961 182
179 811
196 622
131 989
888 726
559 389
157 837
413 763
969 443
416 525
599 801
370 205
819 665
287 87
649 942
58 994
64 95
922 146
64 694
434 536
491 585
864 429
41 240
52 590
97 306
115 409
358 443
237 714
509 37
348 357
707 950
564 853
431 862
159 623
897 114
186 491
416 583
335 526
814 600
108 863
396 785
897 284
333 426
6 464
471 356
117 840
691 921
798 991
586 441
656 820
694 796
327 285
114 426
132 285
798 293
964 626
158 457
31 927
635 229
816 569
412 428
285 986
734 763
420 615
886 982
151 641
247 872
753 35
184 290
94 229
577 221
725 77
781 491
231 436
235 817
752 357
311 636
38 284
131 138
96 564
633 742
45 560
725 62
193 325
840 776
639 408
987 939
444 266
574 269
728 125
164 209
274 529
684 792
773 633
10 827
636 717
290 691
474 812
606 13
479 595
44 526
511 265
606 924
366 737
352 447
552 93
942 130
102 239
413 624
828 381
595 676
150 337
23 989
962 811
83 174
815 607
893 833
307 969
417 486
880 596
390 467
249 523
654 848
713 180
668 1000
896 613
441 202
775 85
63 839
29 851
581 774
160 558
877 623
437 897
935 275
24 77
681 677
64 862
730 883
859 29
950 372
708 15
384 853
756 643
538 634
354 607
484 974
927 588
234 661
953 65
938 279
801 117
929 56
397 919
109 440
313 339
26 796
445 854
872 190
434 457
416 68
916 657
286 288
759 435
545 249
449 12
285 958
881 1
424 350
600 504
953 741
910 34
880 327
308 752
147 690
479 265
227 480
929 612
144 988
199 894
202 174
735 88
536 642
9 518
469 404
865 471
222 180
836 688
877 392
770 834
673 742
365 692
258 110
973 949
580 701
266 677
878 370
736 173
98 704
779 609
121 161
676 255
738 272
442 213
463 377
301 110
267 418
558 110
941 30
547 251
822 291
197 999
148 278
976 639
666 215
889 902
604 111
756 232
675 236
181 379
664 859
427 983
915 970
932 916
147 308
648 719
81 72
391 705
432 958
166 233
110 173
369 469
538 606
116 582
232 91
542 393
90 456
952 419
881 451
129 668
27 425
483 59
160 246
189 99
423 935
565 413
86 231
61 114
44 983
799 893
484 550
986 928
627 942
614 948
540 15
62 479
1000 540
360 763
515 731
640 929
829 39
481 409
950 20
304 702
583 248
127 140
995 656
317 868
429 874
392 571
678 359
202 420
315 143
157 864
563 997
446 811
620 146
235 180
336 327
572 109
996 929
61 464
72 791
842 231
384 435
883 497
442 233
633 218
245 740
514 554
126 57
718 477
314 943
690 258
400 572
774 418
71 272
301 619
867 298
72 68
880 747
224 783
102 380
543 496
656 668
784 481
383 793
741 439
484 160
582 681
677 927
825 868
328 652
147 336
795 508
3 916
81 436
232 40
414 862
933 758
860 442
761 983
43 112
551 977
851 681
34 853
223 379
26 805
668 404
775 464
414 632
734 909
366 273
96 885
958 117
778 711
377 568
967 249
15 156
423 587
455 442
226 926
467 408
13 860
195 905
930 748
516 117
557 971
201 853
919 201
120 611
796 820
49 665
358 215
491 12
878 1000
231 95
22 820
443 865
631 752
634 84
819 506
932 187
11 690
491 810
586 966
187 469
135 781
88 398
383 761
774 620
576 483
254 368
127 740
55 75
862 617
974 167
116 75
262 291
824 780
508 269
606 594
310 63
183 295
646 709
647 148
998 232
72 96
860 201
864 258
464 250
928 681
376 982
341 588
732 887
508 211
796 686
534 761
189 648
461 227
565 733
56 122
180 381
13 574
699 358
133 833
280 267
891 387
739 799
954 727
702 425
523 342
817 629
678 694
590 694
95 913
812 575
155 324
928 196
513 638
952 202
274 74
536 905
813 585
818 527
1000 694
673 368
468 884
605 885
181 521
888 823
812 861
429 639
140 502
496 420
248 581
202 517
286 811
798 420
311 492
576 771
44 745
26 364
961 863
106 958
307 381
515 928
460 805
102 386
174 15
255 224
165 712
739 179
277 270
405 313
249 959
231 123
382 253
215 455
676 43
609 24
439 159
707 631
727 616
625 790
534 456
537 468
901 859
278 650
779 435
391 937
676 777
715 869
907 28
116 222
211 578
430 672
676 664
56 513
163 807
441 201
423 489
90 1000
622 467
592 738
461 135
787 812
252 12
937 698
384 854
39 174
473 378
695 547
487 629
539 779
223 290
481 839
82 990
838 773
552 674
214 35
675 872
548 775
86 425
985 320
986 171
557 736
36 726
464 689
502 131
998 818
711 303
967 193
170 691
240 136
402 251
742 245
32 132
530 255
184 319
312 756
648 78
776 3
911 703
236 115
53 675
93 406
397 150
515 783
221 370
886 76
279 150
743 820
469 516
628 563
151 472
726 596
857 747
788 803
553 226
457 213
641 87
795 301
837 186
18 346
419 17
183 326
794 111
869 254
707 706
144 296
701 524
280 792
599 577
803 68
898 368
96 192
115 220
249 550
994 868
500 657
379 448
15 598
105 356
517 752
186 416
918 593
214 326
584 83
488 200
492 752
621 589
772 593
459 342
901 371
149 510
261 212
924 948
484 995
431 740
128 311
367 950
953 915
152 701
119 209
798 788
587 547
15 10
273 671
381 726
20 508
242 316
338 959
320 606
63 318
781 767
768 502
218 309
352 879
703 238
905 163
209 606
752 448
347 712
153 739
100 896
835 591
48 811
801 483
742 909
973 741
498 711
266 288
914 213
40 612
403 936
500 492
710 363
252 809
255 90
754 615
334 623
460 798
136 700
391 412
433 896
109 513
866 924
525 15
377 185
838 94
288 710
648 984
421 534
996 930
581 264
624 293
733 477
202 647
760 357
228 667
335 865
600 270
310 530
414 368
35 197
756 582
686 188
104 536
201 470
220 470
963 358
51 928
395 498
148 206
290 4
736 60
989 390
538 878
228 840
505 793
380 899
399 267
955 395
993 572
284 601
357 445
103 649
622 395
417 120
73 974
539 981
432 130
674 64
843 635
595 574
707 24
893 317
401 445
293 743
637 549
378 497
807 962
995 354
91 525
226 812
298 353
523 664
400 401
921 849
539 398
631 60
647 827
247 823
58 836
422 129
952 194
984 158
912 395
649 67
804 649
108 110
456 535
990 84
866 94
630 239
537 899
793 553
325 261
886 436
409 304
813 743
625 527
241 978
917 697
849 659
230 394
214 783
231 935
583 402
732 840
897 805
992 229
594 873
724 804
27 572
358 46
788 569
966 573
275 998
518 687
760 240
247 846
390 501
304 118
893 812
305 259
641 425
509 35
992 451
77 287
849 462
391 981
323 931
272 611
186 489
713 504
314 277
610 846
686 549
690 920
548 526
186 715
423 42
25 591
364 514
492 591
332 224
170 199
172 633
587 538
660 934
587 431
407 391
320 535
583 750
341 143
712 493
986 212
994 747
77 645
668 360
140 621
967 220
95 33
189 785
80 555
251 745
408 920
209 823
217 220
736 892
921 734
139 702
60 194
507 551
143 637
330 2
317 826
669 517
505 458
308 931
376 567
455 588
684 794
424 160
170 972
814 365
266 655
47 452
32 549
179 950
58 557
365 863
216 18
192 315
470 863
474 989
805 807
387 722
350 426
616 946
158 659
16 248
110 744
534 94
115 850
97 483
978 428
482 866
399 572
475 170
686 244
896 374
935 559
793 242
851 292
855 372
50 765
380 852
572 602
998 481
525 620
267 836
508 240
751 180
42 716
7 894
542 619
267 981
110 151
661 269
845 96
4 512
868 967
940 308
65 534
626 816
727 88
200 543
265 665
894 902
540 656
82 878
156 233
618 588
948 125
967 819
446 358
32 22
467 482
608 192
360 626
587 501
678 12
754 414
683 934
79 561
28 241
632 256
303 57
455 274
386 823
829 1
960 336
724 297
27 11
528 628
636 525
496 336
614 744
207 258
541 574
719 359
667 200
448 770
856 191
354 478
799 364
656 246
585 208
123 881
179 515
628 722
644 607
793 771
206 360
980 343
569 804
415 228
220 240
497 705
371 216
278 804
764 641
747 341
430 995
768 766
966 753
951 71
658 540
810 901
560 880
742 72
181 811
15 544
487 551
82 383
690 638
894 486
147 457
901 592
831 275
65 720
472 718
719 622
744 282
289 25
163 544
39 344
919 797
43 22
635 976
617 189
545 456
963 969
780 689
285 205
488 487
380 205
610 581
873 980
13 707
872 243
165 408
665 960
171 557
749 202
455 67
497 329
388 8
191 453
393 406
731 752
754 307
293 437
222 485
630 486
904 102
501 306
678 881
545 884
528 106
640 544
550 231
238 531
97 909
786 152
679 598
501 84
249 171
50 396
911 515
738 97
424 233
964 725
316 463
232 914
321 615
529 58
657 13
22 686
143 986
37 355
610 39
885 111
499 732
120 807
652 256
504 198
981 444
451 577
692 513
969 412
120 42
828 449
596 101
173 244
391 189
177 241
875 998
876 437
789 474
905 937
376 111
896 528
388 131
974 841
64 511
344 384
841 948
556 338
307 52
370 452
812 243
160 650
400 589
303 94
93 752
585 387
48 479
765 190
305 448
324 292
332 799
149 319
464 175
642 624
224 623
741 6
153 680
137 360
173 739
428 409
584 479
949 201
110 79
609 636
462 584
982 131
755 263
459 194
612 388
830 471
741 248
305 385
742 515
48 539
964 537
18 191
820 318
792 426
503 138
450 818
514 959
273 779
592 247
666 866
388 261
856 652
947 887
970 444
308 315
327 233
882 864
442 885
574 58
353 406
355 224
191 590
148 967
350 37
207 420
977 717
136 379
47 15
827 763
596 308
835 840
784 726
573 68
927 801
539 92
425 684
580 864
805 177
166 406
362 517
596 10
10 661
727 864
412 813
714 125
145 686
314 879
496 582
741 900
300 668
316 305
64 282
175 638
197 210
948 391
382 86
718 396
439 181
645 890
249 643
214 895
505 617
898 134
850 143
788 681
914 924
392 666
234 267
676 492
395 366
436 882
871 602
858 343
208 157
287 549
881 734
366 102
223 443
828 783
9 369
712 304
255 874
241 200
369 403
927 489
260 326
355 832
506 732
142 806
705 714
887 230
686 887
947 693
792 390
99 468
514 899
54 508
332 342
117 536
78 790
743 884
48 869
861 745
377 960
189 44
482 22
709 949
581 538
127 352
992 727
61 390
886 247
762 961
100 552
784 675
987 940
606 214
662 708
60 174
23 26
904 796
62 612
924 327
1000 997
454 498
148 825
519 858
169 354
862 359
724 500
687 224
300 927
191 977
839 997
956 199
28 686
748 289
828 393
651 384
615 979
183 103
723 18
764 43
379 728
98 711
898 362
883 344
851 182
106 387
914 896
771 537
686 356
430 678
608 48
2 633
556 176
961 374
102 814
949 879
474 385
919 907
793 275
991 918
343 161
56 865
54 316
685 758
686 689
498 797
657 698
649 494
986 6
569 22
143 111
75 365
597 569
42 126
498 876
468 692
14 248
911 106
701 386
835 503
354 303
375 470
105 679
255 765
132 846
294 939
887 488
737 120
375 308
748 818
386 645
44 937
744 665
891 858
457 971
874 763
946 220
69 411
532 689
594 746
757 814
227 707
157 1000
999 801
446 931
567 573
142 408
606 93
239 668
810 590
943 878
792 519
943 991
140 984
322 919
913 728
297 691
542 647
728 745
486 41
144 298
606 782
918 154
480 498
742 510
672 839
127 584
76 531
977 344
109 256
137 738
909 805
42 673
850 776
266 178
670 39
708 254
565 787
864 916
299 419
124 84
930 259
90 36
590 361
575 255
636 511
587 549
843 703
165 391
147 900
632 654
312 948
727 355
434 379
843 925
810 238
770 656
221 690
578 245
448 466
639 460
293 150
813 991
761 342
209 911
191 779
622 613
403 795
176 635
196 630
785 215
988 506
71 438
131 997
408 542
390 594
196 645
947 327
509 330
314 840
166 729
260 662
743 209
858 909
31 213
148 471
885 128
923 7
872 865
176 808
235 471
286 332
766 997
332 570
993 848
133 551
135 89
732 59
898 453
516 788
295 279
357 42
621 781
858 449
74 35
146 965
183 482
846 166
495 444
116 903
820 517
712 134
342 321
369 357
962 466
102 577
180 267
540 260
117 880
632 460
686 656
831 101
725 738
337 737
449 431
636 701
626 41
844 240
661 550
114 277
920 736
298 220
635 971
997 478
670 332
806 188
756 759
171 817
198 460
326 273
80 427
354 70
930 747
990 971
921 704
114 582
888 909
998 540
175 197
737 632
79 665
245 129
342 713
571 753
787 556
713 668
611 784
45 746
504 884
47 364
605 466
182 525
292 69
168 203
22 186
98 276
939 950
154 98
562 423
629 106
771 241
25 503
832 993
465 648
83 41
391 160
80 921
119 896
802 289
505 616
415 191
637 591
520 749
614 253
559 596
174 434
400 558
132 822
902 342
633 469
300 508
301 853
959 272
808 771
283 563
671 172
765 65
858 421
31 269
983 578
146 553
113 730
910 294
205 10
923 951
375 894
34 914
294 448
96 583
918 654
265 222
104 50
655 969
399 15
739 600
321 152
857 389
472 933
803 555
826 392
727 674
66 5
907 633
639 832
143 443
950 569
310 664
445 191
318 183
998 789
264 122
15 253
881 25
96 899
726 30
652 822
464 615
263 884
32 123
939 470
563 354
378 100
472 481
628 772
347 931
743 597
299 964
70 897
143 639
37 216
921 589
60 175
442 925
201 967
681 77
900 745
604 667
317 937
191 976
305 865
912 151
589 913
852 401
175 428
947 447
36 102
348 944
542 680
980 317
728 782
840 456
480 343
70 333
681 760
955 9
149 946
315 406
851 200
956 745
811 726
576 369
336 758
979 876
736 119
385 245
3 674
613 479
978 204
407 163
618 103
470 976
309 350
989 460
441 206
370 156
390 241
138 22
671 128
51 931
966 964
769 408
608 160
293 970
8 630
119 424
431 604
824 504
567 320
642 569
368 532
555 376
405 589
9 364
51 902
705 548
718 253
255 926
311 920
77 726
351 395
616 24
63 263
446 405
365 219
5 410
412 396
768 412
970 323
191 560
873 681
565 355
658 455
291 690
56 269
558 724
264 378
800 156
285 732
210 265
537 863
539 249
880 482
92 557
843 175
934 771
786 325
878 935
37 333
387 274
444 321
145 740
61 173
685 482
790 500
732 899
182 356
699 330
607 461
313 862
448 546
927 458
8 578
768 577
992 175
222 756
137 950
673 708
162 323
181 421
936 934
441 264
45 246
489 500
970 589
992 397
188 642
690 636
59 663
958 513
337 73
985 997
859 972
306 964
806 725
533 387
555 471
684 241
712 207
261 320
155 965
803 645
826 366
720 293
777 802
673 241
753 419
116 530
668 396
760 597
445 773
543 604
547 537
125 801
76 39
761 793
722 753
709 381
24 209
69 826
394 724
269 424
517 194
543 882
783 131
481 691
647 976
127 40
322 389
293 4
39 608
602 936
653 740
140 441
674 705
36 762
978 927
444 7
504 212
378 783
212 566
363 81
588 654
39 838
596 129
546 938
193 434
589 697
222 807
207 901
895 4
283 606
802 738
196 277
683 34
220 179
949 421
466 407
814 901
61 650
569 838
358 137
667 851
349 322
512 213
799 96
793 803
718 336
8 833
410 583
63 933
750 609
492 817
589 413
718 195
341 234
647 61
104 825
802 166
988 861
366 217
319 237
206 365
307 749
876 906
806 753
54 330
937 870
537 323
446 224
656 958
108 903
513 987
258 356
792 142
902 183
116 678
725 624
309 513
670 147
32 259
252 422
808 868
751 972
475 705
332 78
744 22
159 827
878 449
950 594
80 142
498 949
781 736
786 182
271 258
259 714
777 393
725 451
49 802
490 871
104 403
527 125
108 331
880 308
594 810
446 368
479 316
164 740
800 85
964 840
108 474
293 56
666 514
630 371
172 468
5 517
923 14
905 527
523 968
231 365
822 816
415 378
912 649
865 275
614 694
338 373
447 853
448 221
231 194
127 61
27 787
780 499
619 157
434 819
951 378
990 260
884 783
576 72
853 532
179 637
884 958
318 828
328 79
659 992
393 596
729 824
695 23
932 379
37 857
773 991
650 692
950 67
989 487
100 338
618 403
514 740
107 922
791 725
440 375
183 449
663 987
171 505
134 15
871 596
696 552
381 456
970 584
350 681
192 841
449 360
730 779
569 399
241 206
973 149
223 458
684 462
371 639
780 988
928 506
91 844
216 427
114 310
933 857
94 351
189 121
977 525
800 2
360 537
507 986
524 316
754 377
472 462
773 31
614 993
875 471
933 79
14 431
566 872
109 787
737 554
313 758
979 469
731 984
329 264
662 730
526 437
472 256
130 474
80 837
192 143
292 712
880 796
442 331
278 61
463 499
391 374
253 923
779 713
483 395
140 901
396 287
917 331
318 984
482 698
819 617
811 713
719 960
22 272
941 70
67 361
853 778
36 468
811 614
759 804
922 405
634 923
581 880
233 2
34 213
366 806
911 472
103 637
72 495
293 969
928 926
688 201
120 507
63 32
569 427
860 638
129 538
243 612
445 992
935 253
372 951
419 689
655 194
531 976
290 638
493 933
919 585
817 515
672 138
680 918
411 420
863 508
58 357
251 268
666 971
260 888
479 372
969 570
678 146
455 271
866 146
994 95
170 653
790 224
76 364
531 396
40 145
349 185
478 327
170 540
724 411
926 827
606 962
586 388
734 20
738 203
666 284
118 873
503 801
35 359
267 293
148 573
704 229
44 382
463 324
724 137
233 307
784 77
966 357
164 849
101 460
480 91
915 642
719 932
975 334
531 897
146 844
607 883
167 678
243 4
44 51
553 985
300 453
864 284
452 431
419 574
804 78
702 523
933 250
48 276
768 61
147 168
805 614
392 257
489 567
509 556
627 377
593 441
132 323
759 332
761 975
484 894
318 253
673 466
920 424
660 712
469 493
230 836
51 339
344 455
716 103
679 365
669 823
455 354
446 354
756 819
264 279
28 208
69 492
435 206
221 289
576 976
204 561
160 71
343 183
34 266
875 300
839 137
672 168
114 770
191 922
511 185
404 613
615 823
671 737
749 86
782 650
52 954
75 514
782 565
146 67
349 464
372 119
923 609
690 428
504 423
158 750
988 137
664 623
112 668
332 677
188 577
104 540
637 686
693 748
618 866
349 754
996 531
390 412
972 272
430 621
345 647
971 855
71 989
641 224
907 403
512 321
395 327
290 115
826 33
927 219
521 533
479 581
599 820
251 682
815 314
665 278
449 643
671 488
531 701
270 403
608 472
761 986
341 335
603 95
436 46
256 476
55 964
7 609
928 334
967 871
628 821
437 644
187 436
40 557
194 592
139 931
394 856
91 702
709 471
921 853
5 354
133 445
87 156
421 498
648 10
868 429
118 4
266 14
965 757
527 786
739 472
724 301
616 557
247 593
336 607
658 814
861 981
365 742
439 355
576 171
335 434
175 293
947 308
70 69
879 817
143 827
520 802
595 358
960 185
689 989
27 786
230 319
359 153
278 897
372 36
615 936
598 734
412 863
594 869
866 670
996 721
615 57
139 218
451 348
219 808
880 558
37 759
885 275
102 39
201 502
226 173
348 678
224 945
547 864
997 858
669 769
569 579
237 597
953 476
99 908
336 298
137 687
101 230
375 971
546 341
90 841
784 793
239 104
441 33
738 793
335 645
911 460
380 18
111 162
99 618
587 897
710 252
972 893
60 775
308 85
234 209
355 978
85 293
52 82
470 481
330 668
223 235
668 356
209 316
617 404
215 535
473 172
56 388
847 774
169 171
521 94
868 355
869 566
397 395
127 412
910 754
937 174
316 443
632 934
818 667
302 504
675 894
424 390
260 788
559 208
853 652
321 770
515 790
863 206
900 324
136 745
419 873
620 49
982 584
325 219
606 100
718 674
535 440
500 343
378 695
572 588
14 633
737 868
352 454
171 890
62 837
837 193
55 132
771 239
791 240
811 126
278 941
923 440
282 288
379 876
840 458
183 96
405 38
840 345
948 908
440 583
292 936
242 623
921 56
483 875
233 112
950 189
318 571
301 951
124 766
362 679
733 852
232 398
354 887
595 815
742 130
870 343
926 453
578 518
869 5
104 897
195 490
307 548
822 133
453 814
355 784
691 842
161 63
443 169
369 444
117 822
321 305
682 794
169 997
5 119
568 221
125 712
259 756
833 271
781 551
434 338
659 119
184 341
682 60
61 913
190 879
43 635
195 836
491 429
37 105
518 1000
889 370
504 976
670 823
23 514
115 758
187 709
973 990
297 261
830 953
982 596
183 817
719 355
994 190
867 436
762 194
980 125
425 204
658 905
843 399
737 896
99 37
738 187
405 344
870 932
463 470
126 180
928 987
934 693
941 135
222 669
456 495
404 23
281 196
120 92
283 914
896 988
436 608
353 746
467 492
381 60
354 936
478 930
707 884
662 336
216 953
675 146
570 420
452 130
310 875
112 942
680 539
355 558
923 960
708 106
926 33
640 218
533 385
437 28
556 38
613 211
228 183
964 259
624 830
648 121
447 354
618 650
1 81
510 860
777 347
705 518
638 600
990 545
732 492
599 343
450 810
235 576
216 945
329 651
739 880
868 340
852 561
490 926
914 44
318 442
60 412
958 445
688 641
143 554
435 160
990 978
847 623
499 789
705 66
356 742
877 324
635 437
554 889
238 646
403 943
663 917
248 386
531 427
921 523
169 302
373 22
122 278
123 563
72 575
783 577
543 419
558 835
748 469
128 608
36 41
516 250
738 351
316 297
541 800
13 327
767 216
901 666
906 514
300 245
710 808
254 116
366 530
188 578
798 415
266 820
983 897
56 736
309 754
571 3
537 407
439 883
450 424
567 119
951 212
662 297
542 787
86 639
512 322
860 146
128 91
863 861
989 562
6 92
944 157
357 440
712 137
640 166
270 481
508 52
613 247
996 193
567 564
125 829
952 359
577 567
720 259
260 366
993 730
817 579
899 689
906 267
51 400
926 916
695 663
627 709
459 87
63 345
393 293
753 175
668 176
355 151
981 951
798 535
801 273
89 103
770 704
636 371
386 8
44 989
461 580
386 840
904 917
636 962
675 978
531 342
414 911
259 123
98 49
979 424
544 219
653 919
123 622
716 586
314 521
690 156
982 924
141 212
404 575
164 11
34 876
809 314
685 407
170 868
338 258
854 159
874 464
258 451
45 905
712 666
585 236
966 275
515 249
538 58
244 31
656 65
487 645
37 758
223 995
746 968
908 367
732 107
495 960
20 799
884 94
135 446
543 77
196 184
271 654
816 449
286 73
751 159
522 219
42 105
640 130
437 84
475 769
929 924
265 195
911 380
843 538
110 111
919 833
189 612
734 601
123 224
485 457
713 686
570 801
63 492
29 140
274 53
739 805
664 341
797 438
298 191
467 604
910 478
87 619
365 133
866 426
496 188
587 460
17 146
184 297
658 766
921 109
946 421
178 827
108 56
145 66
184 408
312 852
145 467
484 597
909 117
987 977
511 227
645 535
60 25
2 855
572 188
461 539
23 244
724 103
746 763
943 967
675 701
535 153
280 659
450 702
42 885
41 606
559 644
597 561
16 780
422 872
903 251
304 23
824 814
382 336
827 421
206 930
618 98
929 501
380 849
745 125
180 680
272 723
738 826
47 165
507 463
725 581
285 228
490 514
290 666
898 861
938 286
886 760
685 515
356 143
13 730
787 850
124 163
142 774
365 71
590 384
995 336
872 165
290 636
230 862
895 600
713 932
666 934
908 687
854 215
438 381
813 870
100 633
726 797
620 368
308 656
109 994
736 797
862 205
148 918
661 942
297 251
80 517
874 743
586 307
100 734
330 117
939 725
212 113
654 203
60 61
679 625
926 840
561 225
31 876
857 749
913 835
988 385
59 383
922 51
391 340
233 416
620 820
914 687
631 856
183 982
735 517
426 825
334 422
634 360
72 881
552 443
220 89
572 934
497 708
629 179
872 920
466 185
965 145
609 431
499 3
851 342
84 623
415 359
914 992
370 300
25 895
153 306
569 634
401 792
737 444
42 538
439 524
81 48
119 536
251 640
660 150
418 265
510 611
966 854
626 831
379 292
425 663
152 276
595 552
375 208
318 947
246 679
651 731
467 822
564 328
583 540
160 158
198 570
329 825
751 794
844 200
618 941
359 973
228 103
956 609
556 619
744 987
84 420
618 828
213 120
913 338
677 393
271 344
368 511
667 367
855 335
929 680
281 699
308 723
408 981
628 895
250 426
593 916
317 780
545 617
433 279
14 276
731 770
36 884
109 618
438 544
196 626
73 201
735 859
149 676
207 146
852 101
763 514
214 906
675 740
409 120
853 637
931 991
723 97
797 826
266 930
804 166
129 506
315 467
79 362
686 198
737 254
519 354
194 563
915 529
456 234
650 366
278 551
427 923
655 723
607 998
149 314
703 743
775 154
462 691
197 718
609 518
119 365
536 88
447 138
898 658
707 701
885 994
265 55
503 99
565 996
180 390
806 470
789 748
557 924
763 873
747 926
215 668
920 740
774 722
665 238
143 464
181 653
916 592
999 673
285 639
469 130
496 32
134 652
308 957
15 833
784 557
469 371
753 904
803 799
123 933
8 171
136 352
563 187
967 421
787 963
754 562
152 900
496 270
188 76
960 413
815 17
624 10
877 440
260 592
979 280
157 940
305 889
610 452
650 895
729 498
185 652
934 611
866 552
139 335
214 769
452 926
179 638
788 592
748 981
2 989
993 150
847 55
280 807
285 625
505 620
949 707
718 256
25 21
522 477
780 163
943 753
124 613
141 663
570 379
988 30
440 540
348 381
775 984
710 567
471 97
73 690
493 489
185 840
58 198
778 223
431 983
72 381
211 994
846 134
501 927
693 273
242 13
650 100
851 733
466 709
33 110
453 985
441 769
481 828
212 964
104 69
808 835
972 974
185 260
21 630
902 801
220 492
842 631
623 295
436 179
475 607
593 272
99 475
373 536
119 628
359 533
434 428
834 352
518 736
441 588
62 188
890 293
639 674
86 294
644 158
921 823
647 789
652 641
155 123
619 574
986 611
628 768
535 724
705 9
156 839
385 777
382 955
990 58
593 988
278 214
469 617
758 161
596 196
948 761
737 890
75 639
442 342
207 74
586 65
770 152
757 24
230 424
694 507
753 814
469 828
145 542
190 426
525 307
893 857
236 1000
534 451
537 477
538 910
866 531
428 26
286 136
474 360
119 447
894 460
772 838
755 902
737 407
42 551
707 811
745 124
564 672
17 867
287 631
91 30
360 22
385 491
650 393
190 326
676 260
823 758
536 48
384 813
385 568
149 483
907 376
523 282
726 487
156 570
416 382
219 355
384 732
595 764
708 933
697 76
828 329
807 51
20 487
497 227
132 249
868 35
583 712
836 271
783 58
273 837
660 823
882 963
186 954
48 951
556 535
843 69
959 571
691 441
895 953
435 247
783 321
113 497
796 196
544 149
416 536
554 786
72 517
87 946
532 813
545 395
95 455
764 249
999 173
434 871
257 806
791 161
653 128
359 163
533 602
461 655
763 723
106 206
141 509
434 585
456 17
976 728
206 157
483 824
300 162
871 213
619 388
859 693
559 687
55 392
41 93
851 345
638 51
286 228
932 702
917 59
534 350
594 77
479 733
443 475
659 763
15 109
557 232
617 901
621 949
893 48
401 680
699 891
850 896
793 498
958 916
371 794
360 9
40 289
232 67
52 246
270 293
886 801
846 920
373 573
190 92
545 435
892 110
968 550
976 465
854 36
89 152
217 979
492 179
166 52
49 826
615 41
253 505
806 228
368 496
496 5
946 576
78 851
282 896
708 718
160 492
843 97
950 775
228 624
463 880
160 347
108 1
221 318
495 880
131 202
593 907
98 43
575 527
619 919
965 687
809 179
538 403
667 61
904 437
544 374
193 317
109 762
239 703
828 104
951 812
244 871
880 807
754 832
666 494
760 509
317 481
687 276
177 235
527 767
783 865
733 470
794 74
728 714
413 560
417 565
145 998
213 48
537 484
832 696
827 115
943 732
529 632
77 372
370 510
978 871
379 628
119 308
141 707
220 348
920 186
105 802
138 91
12 624
688 693
418 187
563 259
24 30
941 685
120 455
121 882
877 559
259 882
298 478
258 835
713 551
682 958
834 789
599 23
146 371
240 410
720 148
686 861
711 462
324 998
143 418
899 704
939 195
11 178
872 254
894 851
866 388
299 561
193 86
947 893
514 667
342 881
626 260
597 133
671 179
545 810
710 428
951 946
257 674
60 273
653 772
681 203
610 227
284 538
5 513
445 346
763 451
527 908
142 426
291 940
5 914
442 435
23 210
466 461
728 904
379 980
123 846
508 688
35 288
419 65
679 807
617 624
429 104
205 705
496 971
25 107
462 208
779 318
571 711
197 877
490 249
348 207
385 115
793 110
150 317
797 910
121 579
768 700
676 797
642 157
992 474
198 4
831 627
922 445
559 960
181 212
637 288
875 631
90 933
771 688
45 331
711 878
863 947
594 420
450 172
747 718
859 8
254 594
706 234
591 625
560 491
355 761
485 358
638 692
848 276
146 708
879 781
685 541
625 486
765 303
408 555
878 118
848 69
263 728
74 565
916 646
812 567
134 591
835 494
605 988
754 226
807 876
42 166
151 776
726 900
734 371
780 472
153 732
670 591
675 867
507 591
934 192
339 886
754 824
986 531
364 227
274 759
496 299
44 737
481 473
870 605
917 516
421 757
377 137
14 636
879 854
553 142
883 659
365 856
386 255
387 330
481 187
743 135
667 771
706 807
11 807
343 538
344 540
356 167
331 822
225 303
713 210
969 184
441 503
867 857
656 318
949 599
805 659
756 71
918 978
920 863
963 295
414 109
237 566
646 808
741 358
890 928
246 761
566 115
676 535
555 494
163 90
157 134
217 683
99 651
501 739
467 943
447 205
12 798
397 1000
115 885
989 794
848 402
21 536
302 863
709 96
527 354
674 242
416 238
180 127
346 867
170 53
722 518
636 64
123 127
894 792
596 694
388 19
212 703
618 966
787 175
660 679
420 908
431 12
881 137
294 828
939 553
503 622
674 694
737 586
610 824
238 745
844 120
792 821
814 438
952 955
300 607
446 933
359 508
896 894
474 870
310 918
266 682
16 61
163 318
753 514
952 132
748 259
70 275
129 355
611 525
408 294
743 865
945 193
49 20
231 996
400 698
278 831
357 862
486 178
935 505
533 827
20 866
901 935
374 839
664 821
718 232
133 606
379 278
34 245
698 92
720 508
873 18
671 355
858 358
507 380
733 550
238 508
220 671
976 805
798 98
489 682
960 297
275 483
702 414
189 569
737 667
677 708
769 665
368 644
755 304
460 108
123 170
322 474
812 807
725 697
804 808
352 871
981 912
342 874
796 11
688 644
601 229
202 778
30 983
951 937
141 807
648 18
478 5
381 162
65 416
302 311
342 564
201 672
239 984
511 71
22 950
300 729
740 591
245 183
942 263
249 172
675 904
736 682
843 334
735 820
993 317
5 957
818 896
823 433
326 235
188 136
930 22
432 346
69 155
608 707
246 158
662 992
443 58
26 78
233 275
604 294
767 170
842 383
457 987
963 127
709 237
231 665
162 352
608 912
579 485
689 113
48 71
730 623
720 585
224 792
855 309
863 862
719 730
333 43
366 98
105 148
732 343
11 570
759 526
156 411
604 793
933 396
761 7
539 858
299 389
52 203
870 941
608 606
523 434
484 798
781 45
565 880
553 571
113 124
755 445
835 501
412 66
754 255
313 515
868 331
544 385
999 675
66 221
123 404
697 806
570 733
365 303
592 381
95 90
499 837
624 179
644 75
293 35
207 429
759 144
251 441
886 306
615 625
874 573
502 362
178 116
417 916
549 67
572 292
844 513
10 781
505 423
957 647
409 169
357 547
177 133
213 719
514 284
940 742
165 451
149 920
520 516
225 258
32 696
585 98
556 421
701 588
685 199
813 18
643 894
873 319
110 566
880 689
560 831
466 782
747 419
474 261
935 656
662 456
332 939
528 483
525 576
141 887
309 501
517 560
202 871
756 258
383 710
82 721
871 595
380 46
932 955
647 450
725 942
670 97
375 229
674 124
217 767
8 702
360 209
271 79
57 215
376 15
666 113
209 508
48 574
982 17
360 864
804 785
566 464
660 797
737 86
1000 272
543 928
303 207
288 124
184 189
167 396
800 925
868 367
565 265
568 35
571 964
922 614
585 736
435 828
724 285
126 595
108 74
27 980
377 31
126 418
236 294
75 992
683 737
559 50
11 632
692 593
306 180
552 164
814 228
858 988
55 128
610 345
432 497
182 269
12 306
239 468
386 286
975 448
244 126
210 58
487 357
983 981
97 557
128 841
39 646
297 890
447 264
528 234
729 799
219 185
456 213
96 172
208 438
816 181
409 775
453 520
12 569
694 37
343 201
95 568
889 70
946 990
160 919
882 140
594 280
336 40
636 355
232 105
788 136
734 532
103 448
764 31
412 228
15 57
273 682
285 771
877 937
402 97
294 83
868 188
275 421
255 762
860 776
937 381
591 904
904 114
613 704
597 203
448 350
138 694
765 189
680 537
775 100
769 888
776 12
890 182
801 591
765 886
948 266
382 586
761 323
83 683
67 403
670 827
986 756
53 731
583 49
120 676
113 404
456 678
952 555
387 280
80 806
785 381
14 601
589 943
904 541
605 133
76 981
790 121
166 775
504 400
336 432
63 574
138 323
84 763
961 857
305 242
306 525
480 376
278 687
182 11
555 559
489 20
872 697
507 313
921 528
663 937
794 552
842 850
860 313
44 334
719 630
777 987
265 143
939 707
436 928
223 504
49 765
894 603
200 547
368 645
5 198
794 893
299 85
392 149
726 368
394 591
129 746
435 813
960 968
372 912
265 506
393 269
312 955
386 606
467 537
948 200
739 197
705 981
844 45
27 193
861 554
645 313
307 933
573 429
524 525
482 840
197 307
787 537
662 647
19 643
404 755
313 930
112 405
226 325
390 954
273 359
767 486
99 152
679 684
49 341
68 439
213 360
514 313
952 694
120 926
463 438
672 565
619 102
658 651
770 497
55 121
58 463
3 450
921 75
337 380
378 568
299 284
603 633
254 203
516 652
167 752
525 400
812 235
704 484
372 274
858 601
935 751
955 457
998 341
765 182
432 886
988 859
815 922
29 785
752 970
470 141
966 774
988 714
494 7
937 402
484 57
964 355
830 332
501 730
156 267
692 373
751 970
989 833
994 621
242 198
540 673
722 572
358 816
198 549
734 635
695 659
165 420
95 901
39 335
703 164
27 399
636 137
75 495
914 12
562 176
792 592
800 939
763 231
122 229
228 778
40 816
813 939
706 7
619 996
305 668
947 29
855 700
253 227
256 908
753 751
757 239
814 350
661 690
710 223
180 624
818 52
488 687
415 390
92 305
555 668
903 493
137 790
201 366
905 892
799 300
267 407
399 690
844 887
428 249
257 953
859 590
767 841
914 773
384 280
242 580
918 837
836 182
642 155
738 560
153 382
870 477
301 846
432 131
988 904
402 551
214 555
646 834
617 946
263 278
391 861
556 91
564 638
582 643
648 689
764 133
252 634
845 452
740 238
869 462
398 468
735 405
954 588
369 100
634 624
686 895
467 755
85 288
568 198
52 95
238 774
275 248
976 411
833 294
796 430
952 820
844 98
900 156
901 229
834 136
601 179
768 786
217 186
870 443
933 212
791 837
238 608
543 377
117 657
834 315
361 839
503 388
861 530
329 417
561 197
938 781
79 725
135 679
395 570
198 205
382 958
455 694
900 321
798 137
577 500
970 13
588 716
572 201
224 423
615 604
362 441
542 836
567 582
288 460
128 701
961 631
157 830
443 757
931 779
437 63
542 659
652 87
581 183
413 581
234 34
879 566
664 573
992 154
986 760
158 811
984 558
569 896
306 614
549 442
830 900
228 555
68 60
548 230
45 458
647 242
59 536
837 256
536 277
662 469
629 622
81 200
745 97
16 326
877 612
900 757
566 898
298 859
855 109
694 981
626 823
517 932
314 567
792 204
226 536
29 251
267 682
17 531
238 179
55 779
385 827
226 651
687 618
100 430
946 656
998 857
967 565
624 570
761 759
743 771
564 150
109 207
863 506
425 16
78 890
855 518
108 393
611 482
26 436
762 890
134 843
985 153
677 243
970 335
580 898
317 228
9 563
287 231
27 784
115 513
974 702
153 984
580 785
563 101
675 716
163 288
71 603
922 63
64 299
463 477
602 807
714 445
703 49
185 713
956 338
297 699
28 829
325 365
163 30
70 299
79 146
851 237
48 206
69 917
224 911
599 712
429 336
675 8
234 312
419 454
96 329
664 164
48 44
693 436
823 817
383 878
189 853
172 133
301 551
712 146
290 472
919 935
741 489
466 761
582 715
604 823
920 996
347 262
231 583
795 746
613 47
561 972
981 715
618 759
727 59
751 978
753 420
399 76
863 683
989 892
95 829
29 223
821 163
535 853
220 814
920 652
859 530
928 151
433 847
930 509
487 365
734 559
186 861
26 758
302 603
583 830
6 978
382 645
473 239
333 514
204 841
616 281
288 104
963 524
123 379
308 735
169 119
577 146
578 205
672 394
140 432
86 476
291 787
899 165
919 190
188 420
151 16
896 941
896 466
473 570
529 757
568 681
421 651
605 375
308 787
718 526
791 198
631 519
897 994
12 47
589 803
849 574
278 878
84 681
182 202
148 334
276 379
751 799
180 991
141 623
92 227
99 96
281 340
565 556
859 771
257 451
524 263
909 763
859 944
932 556
664 130
5 387
258 943
402 738
555 296
60 906
632 357
65 548
587 923
273 599
73 837
332 246
940 501
47 621
484 905
256 466
332 69
462 960
307 769
492 38
904 301
262 555
946 600
764 439
126 968
240 379
277 970
403 643
273 249
144 625
256 879
562 539
339 750
178 784
739 113
957 26
86 504
535 317
807 568
296 106
209 17
580 986
264 392
305 748
123 613
734 71
294 50
938 584
117 79
923 180
357 105
526 339
133 722
14 615
550 373
960 434
628 637
3 242
813 733
995 518
779 597
248 129
340 337
16 7
948 656
148 524
524 999
230 384
267 406
175 513
417 563
732 834
309 575
142 976
353 843
390 336
875 842
81 787
183 139
142 331
138 280
391 958
709 207
620 542
513 380
383 960
831 636
834 695
427 874
319 296
584 183
159 307
287 782
111 970
940 36
465 76
789 953
777 897
417 839
994 788
860 482
254 593
772 908
989 642
940 330
544 995
617 380
910 641
15 39
601 750
354 401
9 90
378 283
18 152
826 515
58 636
467 611
884 640
646 425
280 558
583 774
105 835
442 798
703 441
136 433
598 193
251 470
127 363
490 390
245 252
805 122
697 609
981 281
729 304
895 231
236 288
862 500
900 721
556 863
301 348
247 672
486 984
583 603
14 579
219 767
654 441
719 314
251 893
562 67
980 214
103 33
529 138
98 489
932 81
97 392
244 201
335 178
616 956
943 947
802 709
901 831
685 152
888 476
172 493
727 637
234 178
913 533
590 815
15 58
24 268
353 704
18 362
620 514
803 34
399 439
276 418
522 390
135 409
764 597
690 592
747 385
879 388
916 242
720 531
447 574
560 172
542 876
873 59
432 831
696 604
200 299
60 963
59 752
777 957
926 94
825 937
60 946
155 622
678 772
671 430
940 656
638 727
744 473
720 192
792 205
702 368
635 194
185 292
773 235
901 38
62 98
925 416
967 805
705 862
992 170
856 734
873 512
89 49
825 357
369 865
61 939
588 244
321 966
288 265
640 606
145 144
661 824
403 552
189 71
136 429
464 970
305 586
52 705
532 715
257 751
772 218
968 712
761 321
28 378
925 996
995 864
689 573
710 149
72 521
507 769
112 314
135 936
658 899
861 456
36 51
535 75
205 932
975 128
425 636
725 472
418 751
515 167
537 355
353 770
872 782
991 837
818 332
714 269
419 235
496 790
392 893
245 645
391 113
323 839
620 983
56 714
418 945
738 518
443 366
263 187
301 772
272 452
589 96
76 516
332 926
542 825
210 318
699 504
33 351
710 627
650 454
707 779
487 831
539 962
65 607
962 455
794 556
453 780
20 161
853 4
65 968
137 459
191 152
752 654
481 888
850 547
962 720
428 717
322 72
21 413
656 703
776 199
833 237
981 925
2 612
972 240
616 282
28 184
91 728
379 485
4 177
353 497
942 667
501 169
796 228
697 542
770 536
187 630
853 437
430 478
16 382
109 613
438 549
917 877
701 97
334 634
634 68
562 297
467 87
418 529
862 460
404 620
248 358
486 992
182 425
787 761
258 505
810 698
266 988
101 80
221 254
957 554
685 882
993 254
766 21
90 602
628 478
376 855
971 844
665 509
349 636
656 632
266 16
305 510
436 864
203 695
65 650
629 714
237 908
1000 138
29 896
980 928
431 540
124 2
659 505
539 863
591 526
523 294
781 822
138 776
803 566
560 484
223 367
299 279
802 354
588 151
869 650
851 915
191 402
127 11
925 810
587 329
215 520
221 971
718 704
972 852
958 496
640 663
273 914
865 728
460 448
333 846
446 695
123 262
66 708
995 986
870 730
486 723
857 925
235 199
682 272
757 892
494 786
61 181
464 801
624 15
329 229
274 542
421 733
636 702
305 892
322 818
473 646
496 737
595 367
540 436
629 84
577 697
853 540
434 698
272 289
537 347
130 131
629 197
757 432
280 812
614 283
103 226
236 718
1 150
903 141
45 165
798 509
664 305
382 318
989 334
603 756
395 267
51 402
647 25
280 121
836 86
790 124
986 359
768 990
989 528
167 381
442 475
318 352
211 912
491 965
380 41
567 375
328 724
165 422
683 346
186 734
65 519
411 575
436 922
440 93
994 924
78 467
323 939
618 716
657 724
251 941
88 680
5 28
941 960
593 267
702 183
207 767
133 248
502 905
138 526
753 77
682 67
118 291
887 30
389 927
563 508
835 611
964 773
764 465
341 359
53 595
458 5
720 792
162 769
611 347
786 455
481 477
247 562
876 66
839 846
342 738
224 441
207 160
227 574
390 498
330 317
993 491
940 566
701 598
468 419
344 625
718 583
755 843
44 402
407 512
799 258
168 569
650 638
561 393
410 407
608 941
822 336
309 643
148 263
884 9
595 214
335 979
180 912
879 278
236 884
310 23
737 313
861 628
917 166
558 271
190 504
279 921
391 835
233 923
702 780
555 482
593 171
663 542
264 713
191 628
618 270
150 282
363 885
768 41
860 455
254 626
833 89
293 25
622 313
915 155
453 952
756 519
354 451
100 35
752 754
594 158
151 175
148 973
958 174
924 842
797 244
636 92
696 921
459 21
556 637
78 713
652 892
709 893
377 764
911 637
754 258
437 630
956 714
919 438
273 90
648 122
26 434
333 790
710 488
821 513
182 817
878 594
575 534
943 12
594 736
541 563
447 772
197 493
128 748
736 625
349 34
757 165
169 324
867 445
265 889
969 493
607 423
672 556
221 153
12 728
746 872
25 223
115 742
822 653
137 957
525 338
638 165
451 285
381 68
474 678
440 618
793 42
177 317
875 674
971 931
571 109
516 826
556 255
404 124
495 275
236 449
410 653
489 396
162 58
368 843
607 904
962 562
314 353
944 926
842 223
7 198
465 139
482 804
507 368
347 235
205 201
89 371
981 600
